1667212756299 0.9368457198143005 0
1667212768281 0.9520410299301147 1
1667212780291 0.9558302760124207 2
1667212792203 0.9588731527328491 3
1667212804184 0.9590262770652771 4
1667212816062 0.9607104063034058 5
1667212827971 0.9612845182418823 6
1667212839770 0.9620500206947327 7
1667212852024 0.9630643129348755 8
1667212863931 0.9633513689041138 9
1667212875734 0.9640020728111267 10
1667212887588 0.9640020728111267 11
1667212899489 0.9646144509315491 12
1667212911508 0.9645761847496033 13
1667212923431 0.9646719098091125 14
1667212935295 0.9661263227462769 15
1667212947188 0.9657244682312012 16
1667212959195 0.9661263227462769 17
1667212971152 0.9658392667770386 18
1667212983091 0.9657244682312012 19
1667212994910 0.9660115242004395 20
1667212994914 0.9368457198143005 21
