1667212756299 0.2083796262741089 0
1667212768281 0.1417578160762787 1
1667212780291 0.13593237102031708 2
1667212792203 0.12767308950424194 3
1667212804184 0.12518073618412018 4
1667212816062 0.12155119329690933 5
1667212827971 0.12142428010702133 6
1667212839770 0.1200275793671608 7
1667212852024 0.11433445662260056 8
1667212863931 0.11582944542169571 9
1667212875734 0.11188202351331711 10
1667212887588 0.11190874874591827 11
1667212899489 0.11017393320798874 12
1667212911508 0.10791516304016113 13
1667212923431 0.10910223424434662 14
1667212935295 0.10915776342153549 15
1667212947188 0.1057223454117775 16
1667212959195 0.1047043576836586 17
1667212971152 0.1042875126004219 18
1667212983091 0.10529814660549164 19
1667212994910 0.10545685142278671 20
1667212994914 0.2083796262741089 21
