1667212756299 0.8405399918556213 0
1667212768281 0.8745086789131165 1
1667212780291 0.8831169009208679 2
1667212792203 0.8905867338180542 3
1667212804184 0.8930279612541199 4
1667212816062 0.8951857686042786 5
1667212827971 0.8997374773025513 6
1667212839770 0.905931830406189 7
1667212852024 0.9038054347038269 8
1667212863931 0.9048559069633484 9
1667212875734 0.9071711301803589 10
1667212887588 0.9033851623535156 11
1667212899489 0.9067932963371277 12
1667212911508 0.904945433139801 13
1667212923431 0.9121716618537903 14
1667212935295 0.9146152138710022 15
1667212947188 0.910591185092926 16
1667212959195 0.9106684923171997 17
1667212971152 0.9094298481941223 18
1667212983091 0.910470724105835 19
1667212994910 0.9085938930511475 20
1667212994914 0.8405399918556213 21
