1667214029405 0.936750054359436 0
1667214041124 0.9532467126846313 1
1667214053037 0.9576675295829773 2
1667214064790 0.9598109126091003 3
1667214076610 0.9608443379402161 4
1667214088558 0.962317943572998 5
1667214100391 0.9627581238746643 6
1667214112190 0.9639064073562622 7
1667214124004 0.9651886224746704 8
1667214135887 0.9663559794425964 9
1667214147773 0.9659923911094666 10
1667214159617 0.9665665030479431 11
1667214171450 0.9660306572914124 12
1667214183233 0.9666622281074524 13
1667214195121 0.9677339196205139 14
1667214207030 0.967714786529541 15
1667214218847 0.967561662197113 16
1667214230727 0.9678487181663513 17
1667214242584 0.9688438773155212 18
1667214254239 0.9678678512573242 19
1667214266111 0.968690812587738 20
1667214266115 0.936750054359436 21
