1667214029405 0.20298518240451813 0
1667214041124 0.13960181176662445 1
1667214053037 0.1301395446062088 2
1667214064790 0.12356742471456528 3
1667214076610 0.12223536521196365 4
1667214088558 0.1178760826587677 5
1667214100391 0.11428531259298325 6
1667214112190 0.11417531222105026 7
1667214124004 0.11091137677431107 8
1667214135887 0.11124937236309052 9
1667214147773 0.11167547851800919 10
1667214159617 0.10788274556398392 11
1667214171450 0.10887796431779861 12
1667214183233 0.10770552605390549 13
1667214195121 0.10391688346862793 14
1667214207030 0.10379645973443985 15
1667214218847 0.10396711528301239 16
1667214230727 0.10525757074356079 17
1667214242584 0.10366024076938629 18
1667214254239 0.10439366847276688 19
1667214266111 0.10293743759393692 20
1667214266115 0.20298518240451813 21
