1667214029405 0.8417337536811829 0
1667214041124 0.8756591081619263 1
1667214053037 0.8916757702827454 2
1667214064790 0.8985868096351624 3
1667214076610 0.8976520895957947 4
1667214088558 0.9005962610244751 5
1667214100391 0.9007622599601746 6
1667214112190 0.9108133912086487 7
1667214124004 0.9127734899520874 8
1667214135887 0.9137130379676819 9
1667214147773 0.9143258333206177 10
1667214159617 0.9154346585273743 11
1667214171450 0.9130563139915466 12
1667214183233 0.918247401714325 13
1667214195121 0.9188348054885864 14
1667214207030 0.9185805320739746 15
1667214218847 0.9184702038764954 16
1667214230727 0.9201159477233887 17
1667214242584 0.9239382147789001 18
1667214254239 0.9194362163543701 19
1667214266111 0.9229450821876526 20
1667214266115 0.8417337536811829 21
