1667219878035 0.9353147149085999 0
1667219889920 0.9500507116317749 1
1667219901849 0.9524238109588623 2
1667219913796 0.9553900957107544 3
1667219925748 0.9568063020706177 4
1667219937731 0.9569976925849915 5
1667219949662 0.9580311179161072 6
1667219961521 0.9618012309074402 7
1667219973441 0.9627581238746643 8
1667219985408 0.9627389907836914 9
1667219997360 0.9636767506599426 10
1667220009267 0.9645953178405762 11
1667220021209 0.9658583998680115 12
1667220033003 0.9663368463516235 13
1667220044818 0.9671023488044739 14
1667220056843 0.9666047692298889 15
1667220068781 0.9676956534385681 16
1667220080691 0.9683462977409363 17
1667220092653 0.9681166410446167 18
1667220104537 0.9688438773155212 19
1667220116482 0.9684037566184998 20
1667220116486 0.9353147149085999 21
