1667219878035 0.20492061972618103 0
1667219889920 0.14530183374881744 1
1667219901849 0.13862669467926025 2
1667219913796 0.13087846338748932 3
1667219925748 0.12874744832515717 4
1667219937731 0.12494268268346786 5
1667219949662 0.1229056864976883 6
1667219961521 0.11708585917949677 7
1667219973441 0.1146346852183342 8
1667219985408 0.1152217760682106 9
1667219997360 0.11241322755813599 10
1667220009267 0.11058663576841354 11
1667220021209 0.1081889346241951 12
1667220033003 0.10974517464637756 13
1667220044818 0.10516931116580963 14
1667220056843 0.10588594526052475 15
1667220068781 0.1054203063249588 16
1667220080691 0.10426580905914307 17
1667220092653 0.10369769483804703 18
1667220104537 0.10305530577898026 19
1667220116482 0.10268756002187729 20
1667220116486 0.20492061972618103 21
