1667219878035 0.8388712406158447 0
1667219889920 0.8723358511924744 1
1667219901849 0.8725608587265015 2
1667219913796 0.8885080814361572 3
1667219925748 0.8929251432418823 4
1667219937731 0.8897517919540405 5
1667219949662 0.8912570476531982 6
1667219961521 0.8995855450630188 7
1667219973441 0.9012283086776733 8
1667219985408 0.9020978808403015 9
1667219997360 0.9083142876625061 10
1667220009267 0.9109897613525391 11
1667220021209 0.9130595326423645 12
1667220033003 0.9124302268028259 13
1667220044818 0.9209504127502441 14
1667220056843 0.9157544374465942 15
1667220068781 0.9161081314086914 16
1667220080691 0.9200830459594727 17
1667220092653 0.91901695728302 18
1667220104537 0.9218599200248718 19
1667220116482 0.9220402240753174 20
1667220116486 0.8388712406158447 21
