1667211230936 0.9375729560852051 0
1667211242870 0.9522706866264343 1
1667211254856 0.9553709626197815 2
1667211266742 0.9582799077033997 3
1667211278724 0.9588540196418762 4
1667211290655 0.9599831700325012 5
1667211302725 0.9611888527870178 6
1667211314642 0.9625476002693176 7
1667211326406 0.9631600379943848 8
1667211338248 0.9633896350860596 9
1667211349875 0.9647293090820312 10
1667211361684 0.9646144509315491 11
1667211373544 0.9658583998680115 12
1667211385308 0.9656287431716919 13
1667211397085 0.9654756784439087 14
1667211408963 0.9652842879295349 15
1667211420777 0.9655713438987732 16
1667211432678 0.966107189655304 17
1667211444683 0.9664899706840515 18
1667211456669 0.9666430354118347 19
1667211468499 0.9666813611984253 20
1667211468502 0.9375729560852051 21
