1667211230936 0.19788908958435059 0
1667211242870 0.1396339386701584 1
1667211254856 0.1307503581047058 2
1667211266742 0.1280917227268219 3
1667211278724 0.12483425438404083 4
1667211290655 0.12215574085712433 5
1667211302725 0.11680979281663895 6
1667211314642 0.11580199003219604 7
1667211326406 0.11351240426301956 8
1667211338248 0.11141057312488556 9
1667211349875 0.11052774637937546 10
1667211361684 0.11004715412855148 11
1667211373544 0.1080126166343689 12
1667211385308 0.11029067635536194 13
1667211397085 0.10565295070409775 14
1667211408963 0.10776770859956741 15
1667211420777 0.10843192040920258 16
1667211432678 0.10651258379220963 17
1667211444683 0.10492805391550064 18
1667211456669 0.10407283902168274 19
1667211468499 0.10654927045106888 20
1667211468502 0.19788908958435059 21
