1667211230936 0.839204728603363 0
1667211242870 0.8764980435371399 1
1667211254856 0.8875954747200012 2
1667211266742 0.8905109763145447 3
1667211278724 0.8939867615699768 4
1667211290655 0.8936415910720825 5
1667211302725 0.9009292721748352 6
1667211314642 0.9007993936538696 7
1667211326406 0.9036048054695129 8
1667211338248 0.9031013250350952 9
1667211349875 0.9072504043579102 10
1667211361684 0.9053129553794861 11
1667211373544 0.9105768799781799 12
1667211385308 0.9132264852523804 13
1667211397085 0.9106264114379883 14
1667211408963 0.9094173908233643 15
1667211420777 0.9108402132987976 16
1667211432678 0.9154689311981201 17
1667211444683 0.9136356711387634 18
1667211456669 0.9142962694168091 19
1667211468499 0.9147366881370544 20
1667211468502 0.839204728603363 21
