1667212500920 0.9206169843673706 0
1667212512796 0.9405393004417419 1
1667212524751 0.9464911222457886 2
1667212536652 0.9484623074531555 3
1667212548554 0.9505865573883057 4
1667212560418 0.9511798620223999 5
1667212572323 0.9527491331100464 6
1667212584111 0.9544141292572021 7
1667212595973 0.9568254351615906 8
1667212607891 0.9558685421943665 9
1667212619841 0.9574187397956848 10
1667212631758 0.9591219425201416 11
1667212643647 0.9624519348144531 12
1667212655511 0.9639255404472351 13
1667212667211 0.9629112482070923 14
1667212679182 0.964289128780365 15
1667212691120 0.9650928974151611 16
1667212702990 0.9657436013221741 17
1667212715003 0.9667770266532898 18
1667212727023 0.9676190614700317 19
1667212738983 0.9678869843482971 20
1667212738987 0.9206169843673706 21
