1667212500920 0.25244492292404175 0
1667212512796 0.1809346228837967 1
1667212524751 0.16659319400787354 2
1667212536652 0.16089458763599396 3
1667212548554 0.16133224964141846 4
1667212560418 0.15667219460010529 5
1667212572323 0.14933355152606964 6
1667212584111 0.14864705502986908 7
1667212595973 0.14570295810699463 8
1667212607891 0.1426171511411667 9
1667212619841 0.13884583115577698 10
1667212631758 0.1344681680202484 11
1667212643647 0.12925924360752106 12
1667212655511 0.12212490290403366 13
1667212667211 0.12291599810123444 14
1667212679182 0.12097262591123581 15
1667212691120 0.1177215501666069 16
1667212702990 0.11632172018289566 17
1667212715003 0.11519920825958252 18
1667212727023 0.1161433756351471 19
1667212738983 0.112949900329113 20
1667212738987 0.25244492292404175 21
