1667212500920 0.8399876952171326 0
1667212512796 0.867614209651947 1
1667212524751 0.8811999559402466 2
1667212536652 0.8867598176002502 3
1667212548554 0.8890301585197449 4
1667212560418 0.8936924934387207 5
1667212572323 0.894997775554657 6
1667212584111 0.9022836089134216 7
1667212595973 0.9078677296638489 8
1667212607891 0.904552698135376 9
1667212619841 0.906358540058136 10
1667212631758 0.9114903211593628 11
1667212643647 0.9135098457336426 12
1667212655511 0.9186274409294128 13
1667212667211 0.9176684021949768 14
1667212679182 0.9222416281700134 15
1667212691120 0.9193148612976074 16
1667212702990 0.9202131628990173 17
1667212715003 0.9241498708724976 18
1667212727023 0.9265161156654358 19
1667212738983 0.9280145168304443 20
1667212738987 0.8399876952171326 21
