1667224708699 0.9329990744590759 0
1667224720660 0.9498401880264282 1
1667224732617 0.9509119391441345 2
1667224744597 0.9536868929862976 3
1667224756513 0.9555623531341553 4
1667224768526 0.9576675295829773 5
1667224780551 0.9580885171890259 6
1667224792485 0.9581076502799988 7
1667224804675 0.9589497447013855 8
1667224817220 0.9599449038505554 9
1667224832197 0.959868311882019 10
1667224847817 0.9603467583656311 11
1667224863563 0.9608252048492432 12
1667224878991 0.9609783291816711 13
1667224893902 0.9626049995422363 14
1667224908915 0.9638106822967529 15
1667224923855 0.9636767506599426 16
1667224936626 0.9647484421730042 17
1667224948650 0.9651502966880798 18
1667224960434 0.9645761847496033 19
1667224972283 0.9645953178405762 20
1667224972287 0.9329990744590759 21
