1667224708699 0.20729413628578186 0
1667224720660 0.14745602011680603 1
1667224732617 0.14186157286167145 2
1667224744597 0.1363682597875595 3
1667224756513 0.13019923865795135 4
1667224768526 0.12868063151836395 5
1667224780551 0.12135372310876846 6
1667224792485 0.12356578558683395 7
1667224804675 0.11988195776939392 8
1667224817220 0.11835741996765137 9
1667224832197 0.11837519705295563 10
1667224847817 0.11617837101221085 11
1667224863563 0.1175059974193573 12
1667224878991 0.11568066477775574 13
1667224893902 0.11144509166479111 14
1667224908915 0.11029751598834991 15
1667224923855 0.10920456796884537 16
1667224936626 0.10929866135120392 17
1667224948650 0.10710632801055908 18
1667224960434 0.10637769848108292 19
1667224972283 0.10612859576940536 20
1667224972287 0.20729413628578186 21
