1667224708699 0.8230046033859253 0
1667224720660 0.8651542663574219 1
1667224732617 0.8685811161994934 2
1667224744597 0.877851665019989 3
1667224756513 0.8825048208236694 4
1667224768526 0.8852892518043518 5
1667224780551 0.8926467299461365 6
1667224792485 0.8888088464736938 7
1667224804675 0.8907308578491211 8
1667224817220 0.893683135509491 9
1667224832197 0.8955397605895996 10
1667224847817 0.8952705264091492 11
1667224863563 0.8979918360710144 12
1667224878991 0.8986309170722961 13
1667224893902 0.9036955833435059 14
1667224908915 0.9068641662597656 15
1667224923855 0.907294511795044 16
1667224936626 0.9072571992874146 17
1667224948650 0.9082931280136108 18
1667224960434 0.9050043821334839 19
1667224972283 0.9052470922470093 20
1667224972287 0.8230046033859253 21
