1667221912427 0.9388360381126404 0
1667221924380 0.9501655697822571 1
1667221936130 0.9517539739608765 2
1667221948000 0.957093358039856 3
1667221959819 0.9590645432472229 4
1667221971534 0.9594855904579163 5
1667221983386 0.9615141749382019 6
1667221995261 0.9620500206947327 7
1667222007003 0.9632365703582764 8
1667222018848 0.9639638066291809 9
1667222030697 0.9634279608726501 10
1667222042549 0.9640020728111267 11
1667222054371 0.9645570516586304 12
1667222066396 0.9647293090820312 13
1667222078320 0.9636576175689697 14
1667222090143 0.9650737643241882 15
1667222102013 0.9661646485328674 16
1667222113920 0.9654565453529358 17
1667222125858 0.9656478762626648 18
1667222137727 0.9649015665054321 19
1667222149525 0.9663942456245422 20
1667222149529 0.9388360381126404 21
