1667221912427 0.19632376730442047 0
1667221924380 0.14337866008281708 1
1667221936130 0.14152845740318298 2
1667221948000 0.1279395967721939 3
1667221959819 0.1244984045624733 4
1667221971534 0.12449264526367188 5
1667221983386 0.11810054630041122 6
1667221995261 0.11645017564296722 7
1667222007003 0.11490695178508759 8
1667222018848 0.11322202533483505 9
1667222030697 0.11320957541465759 10
1667222042549 0.11247320473194122 11
1667222054371 0.11099867522716522 12
1667222066396 0.10697454959154129 13
1667222078320 0.10913881659507751 14
1667222090143 0.10577095299959183 15
1667222102013 0.10699297487735748 16
1667222113920 0.105647012591362 17
1667222125858 0.10298771411180496 18
1667222137727 0.1066870465874672 19
1667222149525 0.10722071677446365 20
1667222149529 0.19632376730442047 21
