1667221912427 0.840130627155304 0
1667221924380 0.8668127059936523 1
1667221936130 0.8712400794029236 2
1667221948000 0.8867055177688599 3
1667221959819 0.8915114998817444 4
1667221971534 0.8899411559104919 5
1667221983386 0.8973931670188904 6
1667221995261 0.9016058444976807 7
1667222007003 0.9028688073158264 8
1667222018848 0.9036056995391846 9
1667222030697 0.9021202325820923 10
1667222042549 0.9074101448059082 11
1667222054371 0.9082642793655396 12
1667222066396 0.9071313738822937 13
1667222078320 0.9064516425132751 14
1667222090143 0.90731281042099 15
1667222102013 0.9099013805389404 16
1667222113920 0.9082810282707214 17
1667222125858 0.9118339419364929 18
1667222137727 0.9121886491775513 19
1667222149525 0.9117237329483032 20
1667222149529 0.840130627155304 21
