1667213266753 0.9356400370597839 0
1667213278568 0.9513329267501831 1
1667213290427 0.9548733830451965 2
1667213302269 0.9573038816452026 3
1667213314099 0.9592559337615967 4
1667213325865 0.9602319598197937 5
1667213337599 0.9621265530586243 6
1667213349794 0.9627963900566101 7
1667213361592 0.9641934633255005 8
1667213373519 0.9635427594184875 9
1667213385262 0.9631600379943848 10
1667213397061 0.9634853601455688 11
1667213408872 0.9644996523857117 12
1667213420662 0.9649015665054321 13
1667213432482 0.9649972319602966 14
1667213444337 0.9663177132606506 15
1667213456086 0.9667961597442627 16
1667213468258 0.9675042629241943 17
1667213480802 0.9687864780426025 18
1667213492599 0.9688438773155212 19
1667213504542 0.9690544009208679 20
1667213504546 0.9356400370597839 21
