1667213266753 0.20805613696575165 0
1667213278568 0.14054730534553528 1
1667213290427 0.13589966297149658 2
1667213302269 0.12598805129528046 3
1667213314099 0.12326759099960327 4
1667213325865 0.12081925570964813 5
1667213337599 0.11654330790042877 6
1667213349794 0.1159648671746254 7
1667213361592 0.11523568630218506 8
1667213373519 0.11398833245038986 9
1667213385262 0.11637397110462189 10
1667213397061 0.11175238341093063 11
1667213408872 0.11116053909063339 12
1667213420662 0.10945810377597809 13
1667213432482 0.11064913868904114 14
1667213444337 0.10794336348772049 15
1667213456086 0.10837633907794952 16
1667213468258 0.10601198673248291 17
1667213480802 0.1023510992527008 18
1667213492599 0.10551441460847855 19
1667213504542 0.10146605223417282 20
1667213504546 0.20805613696575165 21
