1667213266753 0.8469858765602112 0
1667213278568 0.8726273775100708 1
1667213290427 0.8810496926307678 2
1667213302269 0.8873523473739624 3
1667213314099 0.8902947306632996 4
1667213325865 0.8945959806442261 5
1667213337599 0.9025745987892151 6
1667213349794 0.9041206240653992 7
1667213361592 0.9053384065628052 8
1667213373519 0.9022212624549866 9
1667213385262 0.9041946530342102 10
1667213397061 0.9071664810180664 11
1667213408872 0.9091443419456482 12
1667213420662 0.9084450006484985 13
1667213432482 0.9102809429168701 14
1667213444337 0.9130914807319641 15
1667213456086 0.9136156439781189 16
1667213468258 0.9168451428413391 17
1667213480802 0.9176228046417236 18
1667213492599 0.9157455563545227 19
1667213504542 0.9199290871620178 20
1667213504546 0.8469858765602112 21
