1667223437313 0.9360036849975586 0
1667223449158 0.9519070386886597 1
1667223460936 0.9573612809181213 2
1667223472768 0.9579928517341614 3
1667223484364 0.9599257707595825 4
1667223495987 0.960997462272644 5
1667223507786 0.9616672992706299 6
1667223519517 0.9627963900566101 7
1667223531306 0.9637150168418884 8
1667223543144 0.9631217122077942 9
1667223555074 0.9635236263275146 10
1667223566941 0.9644805192947388 11
1667223578728 0.9643465280532837 12
1667223590515 0.9638106822967529 13
1667223602336 0.9649398326873779 14
1667223614167 0.9651502966880798 15
1667223625892 0.9641551971435547 16
1667223637603 0.9647484421730042 17
1667223649452 0.9652077555656433 18
1667223661227 0.9650163650512695 19
1667223673003 0.9666813611984253 20
1667223673007 0.9360036849975586 21
