1667223437313 0.20458325743675232 0
1667223449158 0.14311371743679047 1
1667223460936 0.1311369389295578 2
1667223472768 0.1261461079120636 3
1667223484364 0.12385506927967072 4
1667223495987 0.12093251943588257 5
1667223507786 0.11958320438861847 6
1667223519517 0.11651942878961563 7
1667223531306 0.1128057911992073 8
1667223543144 0.11510918289422989 9
1667223555074 0.11504819244146347 10
1667223566941 0.11251397430896759 11
1667223578728 0.11026865988969803 12
1667223590515 0.11233178526163101 13
1667223602336 0.11150553077459335 14
1667223614167 0.10886713117361069 15
1667223625892 0.11209077388048172 16
1667223637603 0.11055343598127365 17
1667223649452 0.10930435359477997 18
1667223661227 0.11008037626743317 19
1667223673003 0.10747331380844116 20
1667223673007 0.20458325743675232 21
