1667223437313 0.8403331637382507 0
1667223449158 0.8734845519065857 1
1667223460936 0.8849374055862427 2
1667223472768 0.8873097896575928 3
1667223484364 0.8943595886230469 4
1667223495987 0.9000365138053894 5
1667223507786 0.902226448059082 6
1667223519517 0.905009925365448 7
1667223531306 0.9082676768302917 8
1667223543144 0.9030025005340576 9
1667223555074 0.9035030007362366 10
1667223566941 0.9061519503593445 11
1667223578728 0.9120610356330872 12
1667223590515 0.9081212282180786 13
1667223602336 0.9115325212478638 14
1667223614167 0.909611165523529 15
1667223625892 0.9081227779388428 16
1667223637603 0.9085710048675537 17
1667223649452 0.9124141335487366 18
1667223661227 0.9113158583641052 19
1667223673003 0.9167655110359192 20
1667223673007 0.8403331637382507 21
