1667211737544 0.9404053092002869 0
1667211749385 0.9540122151374817 1
1667211761247 0.957227349281311 2
1667211773017 0.9587966203689575 3
1667211784816 0.9609400629997253 4
1667211796498 0.962337076663971 5
1667211808190 0.9630069136619568 6
1667211819860 0.9627389907836914 7
1667211831531 0.9635810256004333 8
1667211843498 0.9635236263275146 9
1667211855196 0.9639829397201538 10
1667211867084 0.9638298153877258 11
1667211878994 0.9644805192947388 12
1667211890777 0.9646144509315491 13
1667211902306 0.9655330777168274 14
1667211913872 0.9655713438987732 15
1667211925649 0.9653225541114807 16
1667211937501 0.966241180896759 17
1667211949382 0.9651502966880798 18
1667211961220 0.9658775329589844 19
1667211973021 0.9661837816238403 20
1667211973025 0.9404053092002869 21
