1667211737544 0.19854366779327393 0
1667211749385 0.13515518605709076 1
1667211761247 0.12831942737102509 2
1667211773017 0.1252744048833847 3
1667211784816 0.12118900567293167 4
1667211796498 0.1212678924202919 5
1667211808190 0.11690284311771393 6
1667211819860 0.11799494177103043 7
1667211831531 0.11465879529714584 8
1667211843498 0.11294867843389511 9
1667211855196 0.11200767010450363 10
1667211867084 0.1117427796125412 11
1667211878994 0.11274787783622742 12
1667211890777 0.1104944571852684 13
1667211902306 0.10916543751955032 14
1667211913872 0.10919146984815598 15
1667211925649 0.10803862661123276 16
1667211937501 0.10730557888746262 17
1667211949382 0.10851423442363739 18
1667211961220 0.10637819766998291 19
1667211973021 0.10591240227222443 20
1667211973025 0.19854366779327393 21
