1667211737544 0.8490912914276123 0
1667211749385 0.8781620860099792 1
1667211761247 0.8868739008903503 2
1667211773017 0.893048882484436 3
1667211784816 0.8989067077636719 4
1667211796498 0.9011869430541992 5
1667211808190 0.901846706867218 6
1667211819860 0.9057630300521851 7
1667211831531 0.9029373526573181 8
1667211843498 0.9048593640327454 9
1667211855196 0.9039062857627869 10
1667211867084 0.9053846597671509 11
1667211878994 0.9055008888244629 12
1667211890777 0.9061406254768372 13
1667211902306 0.9092040061950684 14
1667211913872 0.909037709236145 15
1667211925649 0.9078169465065002 16
1667211937501 0.9095686674118042 17
1667211949382 0.9079947471618652 18
1667211961220 0.9089050889015198 19
1667211973021 0.9161720871925354 20
1667211973025 0.8490912914276123 21
