1667214283300 0.9431803226470947 0
1667214295102 0.9571507573127747 1
1667214307017 0.9590645432472229 2
1667214318856 0.961341917514801 3
1667214330868 0.962337076663971 4
1667214342668 0.9637532830238342 5
1667214354589 0.9642317295074463 6
1667214366414 0.9639829397201538 7
1667214378471 0.966241180896759 8
1667214390326 0.9666430354118347 9
1667214402143 0.9678678512573242 10
1667214414021 0.9679635763168335 11
1667214425983 0.9675042629241943 12
1667214437832 0.9678487181663513 13
1667214449643 0.9687673449516296 14
1667214461529 0.9677339196205139 15
1667214473417 0.9684420228004456 16
1667214485282 0.9684994220733643 17
1667214497202 0.9689396023750305 18
1667214509009 0.9688247442245483 19
1667214520933 0.9697242379188538 20
1667214520937 0.9431803226470947 21
