1667214283300 0.1952531784772873 0
1667214295102 0.13895966112613678 1
1667214307017 0.1291101723909378 2
1667214318856 0.1260848045349121 3
1667214330868 0.12380856275558472 4
1667214342668 0.12110036611557007 5
1667214354589 0.11843973398208618 6
1667214366414 0.11514364182949066 7
1667214378471 0.11107092350721359 8
1667214390326 0.10977082699537277 9
1667214402143 0.11168062686920166 10
1667214414021 0.10659272223711014 11
1667214425983 0.10637252032756805 12
1667214437832 0.10707464814186096 13
1667214449643 0.10557255148887634 14
1667214461529 0.10658568888902664 15
1667214473417 0.10571984946727753 16
1667214485282 0.10504943132400513 17
1667214497202 0.10364732146263123 18
1667214509009 0.10199601948261261 19
1667214520933 0.10183762013912201 20
1667214520937 0.1952531784772873 21
