1667214283300 0.8557023406028748 0
1667214295102 0.892205536365509 1
1667214307017 0.8988822102546692 2
1667214318856 0.9055542945861816 3
1667214330868 0.9065151810646057 4
1667214342668 0.9097288846969604 5
1667214354589 0.9085096716880798 6
1667214366414 0.9080620408058167 7
1667214378471 0.9137969017028809 8
1667214390326 0.914601743221283 9
1667214402143 0.9177009463310242 10
1667214414021 0.919093132019043 11
1667214425983 0.9200089573860168 12
1667214437832 0.9172016978263855 13
1667214449643 0.9197161197662354 14
1667214461529 0.9190211296081543 15
1667214473417 0.9234389066696167 16
1667214485282 0.9203795790672302 17
1667214497202 0.9232717752456665 18
1667214509009 0.9194239377975464 19
1667214520933 0.9230654835700989 20
1667214520937 0.8557023406028748 21
