1667212246073 0.9407689571380615 0
1667212257936 0.9524046182632446 1
1667212269572 0.9555240869522095 2
1667212281368 0.9573804140090942 3
1667212293330 0.9594090580940247 4
1667212305365 0.9604616165161133 5
1667212317260 0.9622222781181335 6
1667212329170 0.9640786051750183 7
1667212341106 0.964920699596405 8
1667212352756 0.9647484421730042 9
1667212364753 0.9655139446258545 10
1667212376427 0.966241180896759 11
1667212388420 0.9661454558372498 12
1667212400352 0.9659923911094666 13
1667212412308 0.9666813611984253 14
1667212424262 0.9683271646499634 15
1667212436143 0.9675807952880859 16
1667212447932 0.9681740999221802 17
1667212459791 0.967714786529541 18
1667212471565 0.9667196273803711 19
1667212483530 0.9680975079536438 20
1667212483534 0.9407689571380615 21
