1667212246073 0.21065688133239746 0
1667212257936 0.14227767288684845 1
1667212269572 0.13877122104167938 2
1667212281368 0.12939417362213135 3
1667212293330 0.12738128006458282 4
1667212305365 0.12422485649585724 5
1667212317260 0.12392660975456238 6
1667212329170 0.11728662997484207 7
1667212341106 0.11524675041437149 8
1667212352756 0.11330529302358627 9
1667212364753 0.11183736473321915 10
1667212376427 0.10944333672523499 11
1667212388420 0.10901118814945221 12
1667212400352 0.1100696250796318 13
1667212412308 0.10778665542602539 14
1667212424262 0.10604450851678848 15
1667212436143 0.10576142370700836 16
1667212447932 0.10503111034631729 17
1667212459791 0.1067962571978569 18
1667212471565 0.10626576840877533 19
1667212483530 0.10277824848890305 20
1667212483534 0.21065688133239746 21
