1667212246073 0.8488995432853699 0
1667212257936 0.8729752898216248 1
1667212269572 0.8819947242736816 2
1667212281368 0.8857184052467346 3
1667212293330 0.897497832775116 4
1667212305365 0.8944593071937561 5
1667212317260 0.8998039364814758 6
1667212329170 0.9104477763175964 7
1667212341106 0.913478672504425 8
1667212352756 0.9121366739273071 9
1667212364753 0.9139220118522644 10
1667212376427 0.9167470932006836 11
1667212388420 0.9177714586257935 12
1667212400352 0.9151852130889893 13
1667212412308 0.9163334965705872 14
1667212424262 0.9223945140838623 15
1667212436143 0.9210349917411804 16
1667212447932 0.9239928126335144 17
1667212459791 0.921515941619873 18
1667212471565 0.9162226319313049 19
1667212483530 0.9196944832801819 20
1667212483534 0.8488995432853699 21
