1667219369052 0.9364629983901978 0
1667219380886 0.9504908919334412 1
1667219392781 0.9524046182632446 2
1667219404678 0.9551413059234619 3
1667219416465 0.9585286974906921 4
1667219428291 0.9605572819709778 5
1667219440225 0.9625093340873718 6
1667219452184 0.9631025791168213 7
1667219463839 0.963466227054596 8
1667219475661 0.9653799533843994 9
1667219487493 0.9659923911094666 10
1667219499363 0.9665282368659973 11
1667219511185 0.9669492840766907 12
1667219523107 0.9674659967422485 13
1667219535013 0.9678678512573242 14
1667219546767 0.9685950875282288 15
1667219558575 0.9688056111335754 16
1667219570447 0.9680401086807251 17
1667219582257 0.9686333537101746 18
1667219593973 0.9690161347389221 19
1667219605922 0.969035267829895 20
1667219605927 0.9364629983901978 21
