1667219369052 0.20589031279087067 0
1667219380886 0.14591459929943085 1
1667219392781 0.1436641961336136 2
1667219404678 0.130922332406044 3
1667219416465 0.1262417882680893 4
1667219428291 0.11930108070373535 5
1667219440225 0.11841008812189102 6
1667219452184 0.11580108851194382 7
1667219463839 0.1129283532500267 8
1667219475661 0.11099008470773697 9
1667219487493 0.11107617616653442 10
1667219499363 0.10805512964725494 11
1667219511185 0.10878332704305649 12
1667219523107 0.10381491482257843 13
1667219535013 0.10571978986263275 14
1667219546767 0.10430930554866791 15
1667219558575 0.10493408143520355 16
1667219570447 0.10177460312843323 17
1667219582257 0.10469911992549896 18
1667219593973 0.1020519956946373 19
1667219605922 0.10135800391435623 20
1667219605927 0.20589031279087067 21
