1667219369052 0.8341975808143616 0
1667219380886 0.8733486533164978 1
1667219392781 0.8805450797080994 2
1667219404678 0.8806236982345581 3
1667219416465 0.8910089731216431 4
1667219428291 0.8960992097854614 5
1667219440225 0.9010182023048401 6
1667219452184 0.903171718120575 7
1667219463839 0.9069801568984985 8
1667219475661 0.9140613675117493 9
1667219487493 0.9170386791229248 10
1667219499363 0.9154835939407349 11
1667219511185 0.9167900681495667 12
1667219523107 0.9209996461868286 13
1667219535013 0.9204342365264893 14
1667219546767 0.9211581349372864 15
1667219558575 0.9188610911369324 16
1667219570447 0.9172627329826355 17
1667219582257 0.9213575124740601 18
1667219593973 0.9201655983924866 19
1667219605922 0.9211052656173706 20
1667219605927 0.8341975808143616 21
