1667221404057 0.9350467920303345 0
1667221415912 0.9496679902076721 1
1667221427796 0.9517348408699036 2
1667221439643 0.9536677598953247 3
1667221451616 0.9559068083763123 4
1667221463469 0.9568637013435364 5
1667221475418 0.9574952721595764 6
1667221487312 0.9593515992164612 7
1667221499167 0.9598491787910461 8
1667221511014 0.9626241326332092 9
1667221522884 0.9634853601455688 10
1667221534739 0.9645570516586304 11
1667221546602 0.96478670835495 12
1667221558377 0.965762734413147 13
1667221570246 0.9658583998680115 14
1667221582009 0.966738760471344 15
1667221593844 0.9674468636512756 16
1667221605728 0.9677721858024597 17
1667221617553 0.9675233960151672 18
1667221629358 0.9680401086807251 19
1667221641054 0.9679253101348877 20
1667221641059 0.9350467920303345 21
