1667221404057 0.2036924511194229 0
1667221415912 0.1522950679063797 1
1667221427796 0.14017662405967712 2
1667221439643 0.1334175020456314 3
1667221451616 0.1309308558702469 4
1667221463469 0.12926305830478668 5
1667221475418 0.12590579688549042 6
1667221487312 0.12071502208709717 7
1667221499167 0.1188681572675705 8
1667221511014 0.11250954866409302 9
1667221522884 0.11439207196235657 10
1667221534739 0.11028299480676651 11
1667221546602 0.11016973853111267 12
1667221558377 0.10631014406681061 13
1667221570246 0.10792745649814606 14
1667221582009 0.10650306195020676 15
1667221593844 0.10694774985313416 16
1667221605728 0.10460036247968674 17
1667221617553 0.10464247316122055 18
1667221629358 0.10283659398555756 19
1667221641054 0.10264530032873154 20
1667221641059 0.2036924511194229 21
