1667221404057 0.8302692174911499 0
1667221415912 0.8692861795425415 1
1667221427796 0.8702327609062195 2
1667221439643 0.8772493600845337 3
1667221451616 0.8805299997329712 4
1667221463469 0.8867190480232239 5
1667221475418 0.8862658143043518 6
1667221487312 0.8895503282546997 7
1667221499167 0.8922267556190491 8
1667221511014 0.9000145196914673 9
1667221522884 0.908306896686554 10
1667221534739 0.9106734395027161 11
1667221546602 0.9136177897453308 12
1667221558377 0.9156027436256409 13
1667221570246 0.913120448589325 14
1667221582009 0.9162904024124146 15
1667221593844 0.920116126537323 16
1667221605728 0.9194062948226929 17
1667221617553 0.9198899269104004 18
1667221629358 0.9235721230506897 19
1667221641054 0.921957790851593 20
1667221641059 0.8302692174911499 21
