1667215558770 0.9396015405654907 0
1667215570520 0.9538973569869995 1
1667215582427 0.9568445682525635 2
1667215594277 0.9586818218231201 3
1667215606100 0.9583564400672913 4
1667215617979 0.959542989730835 5
1667215629947 0.9612845182418823 6
1667215642012 0.9610357284545898 7
1667215653816 0.9627772569656372 8
1667215665629 0.9630643129348755 9
1667215677499 0.963638424873352 10
1667215689314 0.9638872146606445 11
1667215701185 0.9643465280532837 12
1667215713117 0.964136004447937 13
1667215724915 0.9643465280532837 14
1667215736734 0.9643656611442566 15
1667215748653 0.9646719098091125 16
1667215760438 0.9659732580184937 17
1667215772106 0.966107189655304 18
1667215783797 0.9661646485328674 19
1667215795412 0.9666813611984253 20
1667215795417 0.9396015405654907 21
