1667215558770 0.20343570411205292 0
1667215570520 0.1393430233001709 1
1667215582427 0.12855061888694763 2
1667215594277 0.1261281967163086 3
1667215606100 0.12528067827224731 4
1667215617979 0.1218884289264679 5
1667215629947 0.11836057901382446 6
1667215642012 0.11756738275289536 7
1667215653816 0.11672087758779526 8
1667215665629 0.11429636925458908 9
1667215677499 0.11321542412042618 10
1667215689314 0.11321005970239639 11
1667215701185 0.11232027411460876 12
1667215713117 0.11297812312841415 13
1667215724915 0.11041362583637238 14
1667215736734 0.112033911049366 15
1667215748653 0.10976608842611313 16
1667215760438 0.10925279557704926 17
1667215772106 0.10847926139831543 18
1667215783797 0.11041636765003204 19
1667215795412 0.10798945277929306 20
1667215795417 0.20343570411205292 21
