1667215558770 0.8493354916572571 0
1667215570520 0.8804488778114319 1
1667215582427 0.8869339227676392 2
1667215594277 0.8918644785881042 3
1667215606100 0.8962686061859131 4
1667215617979 0.8907496333122253 5
1667215629947 0.8999124765396118 6
1667215642012 0.8954857587814331 7
1667215653816 0.9008276462554932 8
1667215665629 0.9028050899505615 9
1667215677499 0.904605507850647 10
1667215689314 0.9058204293251038 11
1667215701185 0.9066383838653564 12
1667215713117 0.9069205522537231 13
1667215724915 0.9097539186477661 14
1667215736734 0.9113362431526184 15
1667215748653 0.9093247056007385 16
1667215760438 0.9127936959266663 17
1667215772106 0.9138134717941284 18
1667215783797 0.9161658883094788 19
1667215795412 0.9156563878059387 20
1667215795417 0.8493354916572571 21
