1667220133766 0.9371519088745117 0
1667220145590 0.9532084465026855 1
1667220157416 0.9556963443756104 2
1667220169082 0.9580885171890259 3
1667220180767 0.9586434960365295 4
1667220192524 0.9602510929107666 5
1667220204216 0.9619352221488953 6
1667220215909 0.962815523147583 7
1667220227702 0.9636576175689697 8
1667220239564 0.9633322358131409 9
1667220251474 0.9651694893836975 10
1667220263221 0.9662985801696777 11
1667220274955 0.9671023488044739 12
1667220286683 0.9675425291061401 13
1667220298530 0.9682697653770447 14
1667220310201 0.9673320055007935 15
1667220321905 0.9685759544372559 16
1667220333673 0.9682314991950989 17
1667220345469 0.969035267829895 18
1667220357186 0.9681932330131531 19
1667220368924 0.969188392162323 20
1667220368928 0.9371519088745117 21
