1667220133766 0.20512135326862335 0
1667220145590 0.14134953916072845 1
1667220157416 0.13405422866344452 2
1667220169082 0.12690627574920654 3
1667220180767 0.12400547415018082 4
1667220192524 0.1217222660779953 5
1667220204216 0.11753188073635101 6
1667220215909 0.11520114541053772 7
1667220227702 0.11329634487628937 8
1667220239564 0.11001575738191605 9
1667220251474 0.11406170576810837 10
1667220263221 0.10703609138727188 11
1667220274955 0.10705572366714478 12
1667220286683 0.1055181547999382 13
1667220298530 0.10391175746917725 14
1667220310201 0.1064363569021225 15
1667220321905 0.10310044884681702 16
1667220333673 0.10383496433496475 17
1667220345469 0.1004965603351593 18
1667220357186 0.10364609211683273 19
1667220368924 0.10272146016359329 20
1667220368928 0.20512135326862335 21
