1667220133766 0.8392894864082336 0
1667220145590 0.8774706125259399 1
1667220157416 0.8835537433624268 2
1667220169082 0.8891371488571167 3
1667220180767 0.8924170136451721 4
1667220192524 0.8981170654296875 5
1667220204216 0.8958393335342407 6
1667220215909 0.9028304815292358 7
1667220227702 0.9019721746444702 8
1667220239564 0.904434859752655 9
1667220251474 0.9106420278549194 10
1667220263221 0.9127205610275269 11
1667220274955 0.9187602400779724 12
1667220286683 0.9158747792243958 13
1667220298530 0.919188916683197 14
1667220310201 0.9184597134590149 15
1667220321905 0.9229106307029724 16
1667220333673 0.9206714630126953 17
1667220345469 0.9239948987960815 18
1667220357186 0.918607234954834 19
1667220368924 0.9234089851379395 20
1667220368928 0.8392894864082336 21
