1667216575953 0.9396398067474365 0
1667216587873 0.9525960087776184 1
1667216599705 0.9572656154632568 2
1667216611634 0.9586626887321472 3
1667216623540 0.9600788354873657 4
1667216635424 0.9605381488800049 5
1667216647223 0.9604041576385498 6
1667216659167 0.9610357284545898 7
1667216671041 0.9626815915107727 8
1667216682982 0.9625093340873718 9
1667216694798 0.9630069136619568 10
1667216706590 0.9635044932365417 11
1667216718437 0.9645761847496033 12
1667216730359 0.9654948115348816 13
1667216742195 0.965112030506134 14
1667216754060 0.9659923911094666 15
1667216766038 0.9663751125335693 16
1667216778082 0.9665665030479431 17
1667216789900 0.9673128724098206 18
1667216801777 0.9671214818954468 19
1667216813696 0.9679061770439148 20
1667216813701 0.9396398067474365 21
