1667216575953 0.2013963758945465 0
1667216587873 0.14004065096378326 1
1667216599705 0.13000176846981049 2
1667216611634 0.12576018273830414 3
1667216623540 0.12206458300352097 4
1667216635424 0.12230286002159119 5
1667216647223 0.12083332985639572 6
1667216659167 0.11784308403730392 7
1667216671041 0.11776385456323624 8
1667216682982 0.11526642739772797 9
1667216694798 0.11448130011558533 10
1667216706590 0.10993126034736633 11
1667216718437 0.11064203828573227 12
1667216730359 0.10955345630645752 13
1667216742195 0.11059178411960602 14
1667216754060 0.11002084612846375 15
1667216766038 0.10855511575937271 16
1667216778082 0.10814909636974335 17
1667216789900 0.10668455064296722 18
1667216801777 0.10738062113523483 19
1667216813696 0.10515870898962021 20
1667216813701 0.2013963758945465 21
