1667216575953 0.845284104347229 0
1667216587873 0.8755717277526855 1
1667216599705 0.8854480385780334 2
1667216611634 0.8875921964645386 3
1667216623540 0.8947635293006897 4
1667216635424 0.8937504291534424 5
1667216647223 0.8975964784622192 6
1667216659167 0.8970918655395508 7
1667216671041 0.9023696780204773 8
1667216682982 0.9011932611465454 9
1667216694798 0.9047898054122925 10
1667216706590 0.9074128270149231 11
1667216718437 0.9082710146903992 12
1667216730359 0.9108139872550964 13
1667216742195 0.908458948135376 14
1667216754060 0.910021960735321 15
1667216766038 0.9108737111091614 16
1667216778082 0.9134176969528198 17
1667216789900 0.9121537804603577 18
1667216801777 0.9131773710250854 19
1667216813696 0.9148327708244324 20
1667216813701 0.845284104347229 21
