1667221149198 0.9408454895019531 0
1667221161087 0.95493084192276 1
1667221172826 0.9571316242218018 2
1667221184669 0.9588731527328491 3
1667221196534 0.9597726464271545 4
1667221208306 0.9599449038505554 5
1667221220291 0.9611697196960449 6
1667221232209 0.9625093340873718 7
1667221243922 0.9626624584197998 8
1667221255750 0.9630643129348755 9
1667221267636 0.9631217122077942 10
1667221279514 0.9648058414459229 11
1667221291363 0.9648632407188416 12
1667221303123 0.9658583998680115 13
1667221315078 0.9671598076820374 14
1667221327034 0.9670066833496094 15
1667221339033 0.9676381945610046 16
1667221350900 0.9680975079536438 17
1667221362772 0.9689587354660034 18
1667221374563 0.968690812587738 19
1667221386477 0.9692457914352417 20
1667221386482 0.9408454895019531 21
