1667221149198 0.20128904283046722 0
1667221161087 0.13435721397399902 1
1667221172826 0.13039566576480865 2
1667221184669 0.12495248019695282 3
1667221196534 0.12339744716882706 4
1667221208306 0.12148847430944443 5
1667221220291 0.12107879668474197 6
1667221232209 0.11570988595485687 7
1667221243922 0.11657879501581192 8
1667221255750 0.11423119902610779 9
1667221267636 0.11599379032850266 10
1667221279514 0.11097713559865952 11
1667221291363 0.10984835028648376 12
1667221303123 0.11076650768518448 13
1667221315078 0.10678435862064362 14
1667221327034 0.10791382938623428 15
1667221339033 0.10655415803194046 16
1667221350900 0.10735774040222168 17
1667221362772 0.10431624203920364 18
1667221374563 0.10456022620201111 19
1667221386477 0.10034829378128052 20
1667221386482 0.20128904283046722 21
