1667221149198 0.8512707948684692 0
1667221161087 0.8798227906227112 1
1667221172826 0.885169506072998 2
1667221184669 0.8907557129859924 3
1667221196534 0.8922522664070129 4
1667221208306 0.8942530155181885 5
1667221220291 0.8942294120788574 6
1667221232209 0.9006102681159973 7
1667221243922 0.9015427231788635 8
1667221255750 0.9049886465072632 9
1667221267636 0.901481032371521 10
1667221279514 0.9088908433914185 11
1667221291363 0.9073573350906372 12
1667221303123 0.9119052886962891 13
1667221315078 0.9131901264190674 14
1667221327034 0.9132604598999023 15
1667221339033 0.9135910868644714 16
1667221350900 0.9144091606140137 17
1667221362772 0.9174318909645081 18
1667221374563 0.9143003225326538 19
1667221386477 0.9172778129577637 20
1667221386482 0.8512707948684692 21
