1667220641196 0.9370179772377014 0
1667220653010 0.9513329267501831 1
1667220664743 0.95330411195755 2
1667220676471 0.9540887475013733 3
1667220688247 0.9562704563140869 4
1667220700071 0.9565766453742981 5
1667220711896 0.9582990407943726 6
1667220723623 0.9592750668525696 7
1667220735315 0.9600597023963928 8
1667220747127 0.9603276252746582 9
1667220758958 0.9605764150619507 10
1667220770967 0.9616864323616028 11
1667220782847 0.9619160890579224 12
1667220794600 0.9620691537857056 13
1667220806418 0.9614759087562561 14
1667220818266 0.9623944759368896 15
1667220830106 0.9627198576927185 16
1667220842023 0.9624328017234802 17
1667220853865 0.9630834460258484 18
1667220865713 0.9635427594184875 19
1667220877558 0.9635810256004333 20
1667220877563 0.9370179772377014 21
