1667220641196 0.20298120379447937 0
1667220653010 0.14687776565551758 1
1667220664743 0.139245867729187 2
1667220676471 0.13568304479122162 3
1667220688247 0.13503189384937286 4
1667220700071 0.13085386157035828 5
1667220711896 0.12520819902420044 6
1667220723623 0.12416504323482513 7
1667220735315 0.12218022346496582 8
1667220747127 0.11934223026037216 9
1667220758958 0.11764099448919296 10
1667220770967 0.11618153750896454 11
1667220782847 0.11583860963582993 12
1667220794600 0.1154506728053093 13
1667220806418 0.11300333589315414 14
1667220818266 0.11221735924482346 15
1667220830106 0.1127973347902298 16
1667220842023 0.11212710291147232 17
1667220853865 0.11041208356618881 18
1667220865713 0.11122234165668488 19
1667220877558 0.10862656682729721 20
1667220877563 0.20298120379447937 21
