1667220641196 0.8375104665756226 0
1667220653010 0.8734267950057983 1
1667220664743 0.8775144815444946 2
1667220676471 0.8789006471633911 3
1667220688247 0.8871924877166748 4
1667220700071 0.8890098929405212 5
1667220711896 0.8913106322288513 6
1667220723623 0.8956496119499207 7
1667220735315 0.8964789509773254 8
1667220747127 0.896930456161499 9
1667220758958 0.8966819047927856 10
1667220770967 0.899832546710968 11
1667220782847 0.8999199867248535 12
1667220794600 0.8964622616767883 13
1667220806418 0.8989965319633484 14
1667220818266 0.9008582830429077 15
1667220830106 0.9043886065483093 16
1667220842023 0.9023945331573486 17
1667220853865 0.906783401966095 18
1667220865713 0.9044525623321533 19
1667220877558 0.9077998399734497 20
1667220877563 0.8375104665756226 21
