1667216068592 0.9434099197387695 0
1667216080382 0.9549882411956787 1
1667216092077 0.9584330320358276 2
1667216103828 0.9608252048492432 3
1667216115690 0.962815523147583 4
1667216127539 0.9637532830238342 5
1667216139174 0.9645187854766846 6
1667216151001 0.9655330777168274 7
1667216162955 0.9661646485328674 8
1667216174666 0.9662985801696777 9
1667216186539 0.9676381945610046 10
1667216198383 0.9674277305603027 11
1667216210142 0.9678678512573242 12
1667216221905 0.968212366104126 13
1667216233665 0.9689013361930847 14
1667216245525 0.9691501259803772 15
1667216257316 0.9694945812225342 16
1667216269152 0.9692075252532959 17
1667216281060 0.9699156284332275 18
1667216292771 0.9699921607971191 19
1667216304607 0.9702026844024658 20
1667216304631 0.9434099197387695 21
