1667216068592 0.18979045748710632 0
1667216080382 0.14157213270664215 1
1667216092077 0.12964121997356415 2
1667216103828 0.12588158249855042 3
1667216115690 0.12079468369483948 4
1667216127539 0.11766034364700317 5
1667216139174 0.11691036820411682 6
1667216151001 0.11342844367027283 7
1667216162955 0.11170607805252075 8
1667216174666 0.11049722880125046 9
1667216186539 0.10833117365837097 10
1667216198383 0.10843387246131897 11
1667216210142 0.10852600634098053 12
1667216221905 0.10588453710079193 13
1667216233665 0.10505538433790207 14
1667216245525 0.10669835656881332 15
1667216257316 0.10386037081480026 16
1667216269152 0.10439742356538773 17
1667216281060 0.10229460895061493 18
1667216292771 0.10332965105772018 19
1667216304607 0.10103623569011688 20
1667216304631 0.18979045748710632 21
