1667216068592 0.8529701828956604 0
1667216080382 0.882746696472168 1
1667216092077 0.8953139781951904 2
1667216103828 0.8999707698822021 3
1667216115690 0.9039502739906311 4
1667216127539 0.9089434742927551 5
1667216139174 0.9115711450576782 6
1667216151001 0.9152806401252747 7
1667216162955 0.9143216013908386 8
1667216174666 0.9118121862411499 9
1667216186539 0.9188668131828308 10
1667216198383 0.9173755645751953 11
1667216210142 0.9225078225135803 12
1667216221905 0.9214795827865601 13
1667216233665 0.9240185022354126 14
1667216245525 0.925042986869812 15
1667216257316 0.9261614680290222 16
1667216269152 0.9233517050743103 17
1667216281060 0.9235621690750122 18
1667216292771 0.9236477017402649 19
1667216304607 0.9255398511886597 20
1667216304631 0.8529701828956604 21
