1667224453956 0.9379940032958984 0
1667224465853 0.9500889778137207 1
1667224477623 0.9522515535354614 2
1667224489571 0.9547585844993591 3
1667224501536 0.9572656154632568 4
1667224513502 0.9573038816452026 5
1667224525420 0.9589306116104126 6
1667224537221 0.959198534488678 7
1667224549072 0.9589306116104126 8
1667224561075 0.9601171016693115 9
1667224572921 0.9599066376686096 10
1667224584806 0.9616481065750122 11
1667224596723 0.9605955481529236 12
1667224608539 0.9630069136619568 13
1667224620507 0.9644613862037659 14
1667224632300 0.9642699956893921 15
1667224644378 0.9643656611442566 16
1667224656260 0.9638298153877258 17
1667224668126 0.9653608202934265 18
1667224679941 0.9646527767181396 19
1667224691942 0.9651502966880798 20
1667224691947 0.9379940032958984 21
