1667224453956 0.203099325299263 0
1667224465853 0.14418864250183105 1
1667224477623 0.1384524703025818 2
1667224489571 0.13310328125953674 3
1667224501536 0.1267043501138687 4
1667224513502 0.1245277002453804 5
1667224525420 0.12221340835094452 6
1667224537221 0.12191236764192581 7
1667224549072 0.11969933658838272 8
1667224561075 0.11960498988628387 9
1667224572921 0.11933112889528275 10
1667224584806 0.11737275868654251 11
1667224596723 0.11513728648424149 12
1667224608539 0.11220152676105499 13
1667224620507 0.1105654239654541 14
1667224632300 0.10844705998897552 15
1667224644378 0.10974186658859253 16
1667224656260 0.10958500951528549 17
1667224668126 0.10737095773220062 18
1667224679941 0.10647612810134888 19
1667224691942 0.10710868239402771 20
1667224691947 0.203099325299263 21
