1667224453956 0.84429532289505 0
1667224465853 0.8681802153587341 1
1667224477623 0.8765972852706909 2
1667224489571 0.8811078667640686 3
1667224501536 0.8873361349105835 4
1667224513502 0.8878551721572876 5
1667224525420 0.8917961716651917 6
1667224537221 0.8934966921806335 7
1667224549072 0.8910612463951111 8
1667224561075 0.8967323899269104 9
1667224572921 0.8949238657951355 10
1667224584806 0.9007516503334045 11
1667224596723 0.8965742588043213 12
1667224608539 0.9041386246681213 13
1667224620507 0.9100958108901978 14
1667224632300 0.9103320837020874 15
1667224644378 0.9061108231544495 16
1667224656260 0.9038503766059875 17
1667224668126 0.9101049304008484 18
1667224679941 0.9061542749404907 19
1667224691942 0.9058592319488525 20
1667224691947 0.84429532289505 21
