1667220895069 0.9427975416183472 0
1667220906815 0.953801691532135 1
1667220918576 0.9579737186431885 2
1667220930288 0.9612462520599365 3
1667220942105 0.9627963900566101 4
1667220953949 0.9628346562385559 5
1667220965781 0.9642699956893921 6
1667220977806 0.9652077555656433 7
1667220989711 0.9649972319602966 8
1667221001563 0.9654565453529358 9
1667221013578 0.9651502966880798 10
1667221025316 0.9652842879295349 11
1667221037060 0.9672937393188477 12
1667221049024 0.9670640826225281 13
1667221060762 0.9672746062278748 14
1667221072543 0.9673320055007935 15
1667221084321 0.967236340045929 16
1667221096167 0.967714786529541 17
1667221108134 0.9681740999221802 18
1667221119938 0.9679061770439148 19
1667221131819 0.9676573872566223 20
1667221131823 0.9427975416183472 21
