1667220895069 0.19289810955524445 0
1667220906815 0.13881780207157135 1
1667220918576 0.1293121576309204 2
1667220930288 0.12387295067310333 3
1667220942105 0.12049894034862518 4
1667220953949 0.12232299894094467 5
1667220965781 0.11902956664562225 6
1667220977806 0.11511652171611786 7
1667220989711 0.11549780517816544 8
1667221001563 0.11376608163118362 9
1667221013578 0.11418845504522324 10
1667221025316 0.1118345707654953 11
1667221037060 0.10961595922708511 12
1667221049024 0.10958538204431534 13
1667221060762 0.11085095256567001 14
1667221072543 0.10721325129270554 15
1667221084321 0.1078624278306961 16
1667221096167 0.10514971613883972 17
1667221108134 0.10771118104457855 18
1667221119938 0.1065688356757164 19
1667221131819 0.10796938091516495 20
1667221131823 0.19289810955524445 21
