1667220895069 0.8587627410888672 0
1667220906815 0.8762365579605103 1
1667220918576 0.8901583552360535 2
1667220930288 0.9031332731246948 3
1667220942105 0.9067403078079224 4
1667220953949 0.9088620543479919 5
1667220965781 0.9104532599449158 6
1667220977806 0.9144956469535828 7
1667220989711 0.9122210741043091 8
1667221001563 0.9140868186950684 9
1667221013578 0.9142305850982666 10
1667221025316 0.9108626842498779 11
1667221037060 0.9168391227722168 12
1667221049024 0.915412962436676 13
1667221060762 0.9159106016159058 14
1667221072543 0.9193308353424072 15
1667221084321 0.9186158776283264 16
1667221096167 0.9194506406784058 17
1667221108134 0.9168753027915955 18
1667221119938 0.9178365468978882 19
1667221131819 0.9173871278762817 20
1667221131823 0.8587627410888672 21
