1667218351691 0.9388360381126404 0
1667218363491 0.9502995014190674 1
1667218375447 0.9535720348358154 2
1667218387245 0.9553518295288086 3
1667218399134 0.9587583541870117 4
1667218410895 0.9598109126091003 5
1667218422796 0.9611505270004272 6
1667218434505 0.9613801836967468 7
1667218446258 0.9621840119361877 8
1667218458047 0.9626815915107727 9
1667218470007 0.9630069136619568 10
1667218481796 0.9627581238746643 11
1667218493707 0.9639064073562622 12
1667218505597 0.9655139446258545 13
1667218517384 0.9653990864753723 14
1667218529169 0.9654756784439087 15
1667218540889 0.967217206954956 16
1667218552743 0.9668535590171814 17
1667218564481 0.9677913188934326 18
1667218576199 0.9683271646499634 19
1667218587932 0.9682697653770447 20
1667218587937 0.9388360381126404 21
