1667218351691 0.20031194388866425 0
1667218363491 0.14431320130825043 1
1667218375447 0.13662679493427277 2
1667218387245 0.13687273859977722 3
1667218399134 0.12566988170146942 4
1667218410895 0.12289030104875565 5
1667218422796 0.12295075505971909 6
1667218434505 0.11872885376214981 7
1667218446258 0.11551429331302643 8
1667218458047 0.11641689389944077 9
1667218470007 0.11214563995599747 10
1667218481796 0.11219242960214615 11
1667218493707 0.10966914147138596 12
1667218505597 0.1100580021739006 13
1667218517384 0.10842718929052353 14
1667218529169 0.10769105702638626 15
1667218540889 0.10446657240390778 16
1667218552743 0.10360969603061676 17
1667218564481 0.10494294762611389 18
1667218576199 0.10265819728374481 19
1667218587932 0.10541865974664688 20
1667218587937 0.20031194388866425 21
