1667218351691 0.8442444205284119 0
1667218363491 0.8706478476524353 1
1667218375447 0.8788291811943054 2
1667218387245 0.8834580779075623 3
1667218399134 0.889248251914978 4
1667218410895 0.8963809609413147 5
1667218422796 0.9004458785057068 6
1667218434505 0.9015889167785645 7
1667218446258 0.9018319845199585 8
1667218458047 0.9034286141395569 9
1667218470007 0.901846706867218 10
1667218481796 0.9031621813774109 11
1667218493707 0.9060054421424866 12
1667218505597 0.9085993766784668 13
1667218517384 0.9087385535240173 14
1667218529169 0.906093418598175 15
1667218540889 0.9118807315826416 16
1667218552743 0.9113368988037109 17
1667218564481 0.9144302606582642 18
1667218576199 0.9150307774543762 19
1667218587932 0.9135577082633972 20
1667218587937 0.8442444205284119 21
