1667219623320 0.9364438652992249 0
1667219635182 0.9526151418685913 1
1667219646998 0.9576292037963867 2
1667219658939 0.9590262770652771 3
1667219670867 0.9601554274559021 4
1667219682797 0.9612079858779907 5
1667219694575 0.961341917514801 6
1667219706471 0.9613801836967468 7
1667219718301 0.9621074199676514 8
1667219730259 0.9620691537857056 9
1667219742157 0.9632365703582764 10
1667219754077 0.9640786051750183 11
1667219766007 0.962968647480011 12
1667219777805 0.9634088277816772 13
1667219789675 0.9648441076278687 14
1667219801582 0.9642125964164734 15
1667219813468 0.9649780988693237 16
1667219825182 0.9645761847496033 17
1667219837015 0.9655522108078003 18
1667219848841 0.9659732580184937 19
1667219860732 0.9661263227462769 20
1667219860734 0.9364438652992249 21
