1667219623320 0.19713370501995087 0
1667219635182 0.14678364992141724 1
1667219646998 0.12824365496635437 2
1667219658939 0.1249537318944931 3
1667219670867 0.12287288904190063 4
1667219682797 0.12010074406862259 5
1667219694575 0.11752262711524963 6
1667219706471 0.11689290404319763 7
1667219718301 0.11496368795633316 8
1667219730259 0.11457960307598114 9
1667219742157 0.11309534311294556 10
1667219754077 0.11198374629020691 11
1667219766007 0.11300849169492722 12
1667219777805 0.11151809990406036 13
1667219789675 0.10864675045013428 14
1667219801582 0.11145436018705368 15
1667219813468 0.10984108597040176 16
1667219825182 0.10825150460004807 17
1667219837015 0.10569202154874802 18
1667219848841 0.10662819445133209 19
1667219860732 0.10751055181026459 20
1667219860734 0.19713370501995087 21
