1667219623320 0.8342785835266113 0
1667219635182 0.8728098273277283 1
1667219646998 0.8878807425498962 2
1667219658939 0.8930279612541199 3
1667219670867 0.8925768733024597 4
1667219682797 0.8959537744522095 5
1667219694575 0.8949794769287109 6
1667219706471 0.8964794278144836 7
1667219718301 0.9028621912002563 8
1667219730259 0.8994555473327637 9
1667219742157 0.9010582566261292 10
1667219754077 0.9041175842285156 11
1667219766007 0.9034754633903503 12
1667219777805 0.9052323698997498 13
1667219789675 0.9092644453048706 14
1667219801582 0.9070670008659363 15
1667219813468 0.9109997749328613 16
1667219825182 0.9098336696624756 17
1667219837015 0.911316990852356 18
1667219848841 0.9089980125427246 19
1667219860732 0.912359356880188 20
1667219860734 0.8342785835266113 21
