1667210721135 0.9386829733848572 0
1667210733058 0.9502995014190674 1
1667210744917 0.9525577425956726 2
1667210756788 0.9549117088317871 3
1667210768706 0.9574187397956848 4
1667210780642 0.9597726464271545 5
1667210792584 0.9610931277275085 6
1667210804511 0.9612462520599365 7
1667210816316 0.9620691537857056 8
1667210828159 0.9617438316345215 9
1667210840082 0.9632748365402222 10
1667210852125 0.962815523147583 11
1667210863882 0.9651886224746704 12
1667210875738 0.9657244682312012 13
1667210887597 0.9645570516586304 14
1667210899464 0.9662220478057861 15
1667210911160 0.9658010005950928 16
1667210923008 0.9660497903823853 17
1667210934779 0.9673128724098206 18
1667210946665 0.9671789407730103 19
1667210958483 0.967217206954956 20
1667210958488 0.9386829733848572 21
