1667210721135 0.19867874681949615 0
1667210733058 0.14838148653507233 1
1667210744917 0.14224804937839508 2
1667210756788 0.13314644992351532 3
1667210768706 0.12726442515850067 4
1667210780642 0.12374688684940338 5
1667210792584 0.11926141381263733 6
1667210804511 0.11882690340280533 7
1667210816316 0.11824159324169159 8
1667210828159 0.11550161987543106 9
1667210840082 0.1120254322886467 10
1667210852125 0.11129456758499146 11
1667210863882 0.108983613550663 12
1667210875738 0.10968684405088425 13
1667210887597 0.10913605988025665 14
1667210899464 0.10422401130199432 15
1667210911160 0.10772910714149475 16
1667210923008 0.10576965659856796 17
1667210934779 0.10486139357089996 18
1667210946665 0.10519484430551529 19
1667210958483 0.10328491032123566 20
1667210958488 0.19867874681949615 21
