1667210721135 0.8410850167274475 0
1667210733058 0.8689630627632141 1
1667210744917 0.8759301900863647 2
1667210756788 0.8796514272689819 3
1667210768706 0.8884637355804443 4
1667210780642 0.8938988447189331 5
1667210792584 0.8976331949234009 6
1667210804511 0.8990825414657593 7
1667210816316 0.89760822057724 8
1667210828159 0.8984624147415161 9
1667210840082 0.9065530300140381 10
1667210852125 0.9038320779800415 11
1667210863882 0.9131399989128113 12
1667210875738 0.9166418313980103 13
1667210887597 0.9096460938453674 14
1667210899464 0.9155065417289734 15
1667210911160 0.9161093831062317 16
1667210923008 0.9131235480308533 17
1667210934779 0.9196369051933289 18
1667210946665 0.9183491468429565 19
1667210958483 0.9179270267486572 20
1667210958488 0.8410850167274475 21
