1667218098800 0.9378408789634705 0
1667218110606 0.9509502053260803 1
1667218122345 0.9530170559883118 2
1667218134220 0.9553135633468628 3
1667218146050 0.9581076502799988 4
1667218157816 0.9610357284545898 5
1667218169546 0.9611697196960449 6
1667218181168 0.9614185094833374 7
1667218192870 0.9624328017234802 8
1667218204714 0.9628920555114746 9
1667218216468 0.9639638066291809 10
1667218228215 0.9637532830238342 11
1667218239944 0.9644996523857117 12
1667218251660 0.964920699596405 13
1667218263556 0.9642508625984192 14
1667218275504 0.9649398326873779 15
1667218287256 0.964920699596405 16
1667218298974 0.9647293090820312 17
1667218310801 0.9656478762626648 18
1667218322582 0.965915858745575 19
1667218334511 0.9663751125335693 20
1667218334515 0.9378408789634705 21
