1667218098800 0.19918763637542725 0
1667218110606 0.1436888724565506 1
1667218122345 0.13852351903915405 2
1667218134220 0.13364969193935394 3
1667218146050 0.12483414262533188 4
1667218157816 0.12332897633314133 5
1667218169546 0.12073182314634323 6
1667218181168 0.11734122037887573 7
1667218192870 0.11534053832292557 8
1667218204714 0.11626584827899933 9
1667218216468 0.1135864332318306 10
1667218228215 0.11400105804204941 11
1667218239944 0.10998789221048355 12
1667218251660 0.11407893896102905 13
1667218263556 0.11161354184150696 14
1667218275504 0.11018969863653183 15
1667218287256 0.10864492505788803 16
1667218298974 0.1094723641872406 17
1667218310801 0.10981009900569916 18
1667218322582 0.10687076300382614 19
1667218334511 0.10694345086812973 20
1667218334515 0.19918763637542725 21
