1667218098800 0.8395982980728149 0
1667218110606 0.8712779879570007 1
1667218122345 0.8765732049942017 2
1667218134220 0.8770886659622192 3
1667218146050 0.8921412229537964 4
1667218157816 0.8988854289054871 5
1667218169546 0.8993440270423889 6
1667218181168 0.8995556831359863 7
1667218192870 0.900581419467926 8
1667218204714 0.9046293497085571 9
1667218216468 0.9066207408905029 10
1667218228215 0.9057128429412842 11
1667218239944 0.9044470191001892 12
1667218251660 0.9054820537567139 13
1667218263556 0.9055365324020386 14
1667218275504 0.9063752293586731 15
1667218287256 0.9065461158752441 16
1667218298974 0.9063001275062561 17
1667218310801 0.9062727093696594 18
1667218322582 0.9120458960533142 19
1667218334511 0.9108737111091614 20
1667218334515 0.8395982980728149 21
