1667224200164 0.9365395307540894 0
1667224212057 0.9509310722351074 1
1667224223927 0.9540696144104004 2
1667224235783 0.9569785594940186 3
1667224247555 0.9591219425201416 4
1667224259233 0.9597917795181274 5
1667224270907 0.9612079858779907 6
1667224282649 0.9620308876037598 7
1667224294621 0.9622031450271606 8
1667224306250 0.9636767506599426 9
1667224318119 0.9638872146606445 10
1667224329852 0.9640594720840454 11
1667224341635 0.9640020728111267 12
1667224353455 0.9636001586914062 13
1667224365287 0.964289128780365 14
1667224377084 0.96541827917099 15
1667224389054 0.9643273949623108 16
1667224400851 0.9650928974151611 17
1667224412742 0.9652460217475891 18
1667224424524 0.9654565453529358 19
1667224436423 0.9659541249275208 20
1667224436425 0.9365395307540894 21
