1667224200164 0.20064027607440948 0
1667224212057 0.1449909508228302 1
1667224223927 0.1311160922050476 2
1667224235783 0.1276184320449829 3
1667224247555 0.12120024114847183 4
1667224259233 0.12155912071466446 5
1667224270907 0.11754488945007324 6
1667224282649 0.11806368082761765 7
1667224294621 0.11829440295696259 8
1667224306250 0.11232949793338776 9
1667224318119 0.11699829250574112 10
1667224329852 0.11058778315782547 11
1667224341635 0.11411713808774948 12
1667224353455 0.10909206420183182 13
1667224365287 0.10973458737134933 14
1667224377084 0.10766978561878204 15
1667224389054 0.10640817880630493 16
1667224400851 0.10811122506856918 17
1667224412742 0.10969337075948715 18
1667224424524 0.10608195513486862 19
1667224436423 0.10635782033205032 20
1667224436425 0.20064027607440948 21
