1667224200164 0.8409844040870667 0
1667224212057 0.872223436832428 1
1667224223927 0.8795984387397766 2
1667224235783 0.8858785629272461 3
1667224247555 0.8872867226600647 4
1667224259233 0.8948208093643188 5
1667224270907 0.8960682153701782 6
1667224282649 0.8992090821266174 7
1667224294621 0.9047338962554932 8
1667224306250 0.9031484127044678 9
1667224318119 0.9071303009986877 10
1667224329852 0.90677410364151 11
1667224341635 0.9058617353439331 12
1667224353455 0.9006143808364868 13
1667224365287 0.9013352394104004 14
1667224377084 0.9081483483314514 15
1667224389054 0.9072867035865784 16
1667224400851 0.9043686389923096 17
1667224412742 0.9061295986175537 18
1667224424524 0.9049102067947388 19
1667224436423 0.9083952903747559 20
1667224436425 0.8409844040870667 21
