1667218605494 0.9348554015159607 0
1667218617322 0.9538208246231079 1
1667218629367 0.9568445682525635 2
1667218641329 0.9595812559127808 3
1667218653221 0.9620691537857056 4
1667218665106 0.9631791710853577 5
1667218676917 0.9639829397201538 6
1667218688710 0.9650928974151611 7
1667218700723 0.966241180896759 8
1667218712802 0.9662794470787048 9
1667218724685 0.9662603139877319 10
1667218736658 0.9673320055007935 11
1667218748749 0.9676956534385681 12
1667218760762 0.9683462977409363 13
1667218772631 0.9677721858024597 14
1667218784445 0.9683080315589905 15
1667218796335 0.968882143497467 16
1667218808156 0.9694945812225342 17
1667218819932 0.9689204692840576 18
1667218831719 0.9687864780426025 19
1667218843643 0.9687673449516296 20
1667218843648 0.9348554015159607 21
