1667218605494 0.20259712636470795 0
1667218617322 0.13942357897758484 1
1667218629367 0.12967196106910706 2
1667218641329 0.12676173448562622 3
1667218653221 0.12193556129932404 4
1667218665106 0.11846956610679626 5
1667218676917 0.11488780379295349 6
1667218688710 0.11470156908035278 7
1667218700723 0.10885211825370789 8
1667218712802 0.11240379512310028 9
1667218724685 0.1105184555053711 10
1667218736658 0.10797495394945145 11
1667218748749 0.10500741004943848 12
1667218760762 0.10559637099504471 13
1667218772631 0.10561744123697281 14
1667218784445 0.10422741621732712 15
1667218796335 0.10337799787521362 16
1667218808156 0.10154259949922562 17
1667218819932 0.10190621018409729 18
1667218831719 0.10429081320762634 19
1667218843643 0.10286664217710495 20
1667218843648 0.20259712636470795 21
