1667218605494 0.8379293084144592 0
1667218617322 0.8759778141975403 1
1667218629367 0.8819760680198669 2
1667218641329 0.8946795463562012 3
1667218653221 0.904684841632843 4
1667218665106 0.9065784811973572 5
1667218676917 0.9092651009559631 6
1667218688710 0.9161261320114136 7
1667218700723 0.9183003902435303 8
1667218712802 0.9186870455741882 9
1667218724685 0.916258692741394 10
1667218736658 0.9182735085487366 11
1667218748749 0.9186986088752747 12
1667218760762 0.9185316562652588 13
1667218772631 0.9247012734413147 14
1667218784445 0.9250506162643433 15
1667218796335 0.92464679479599 16
1667218808156 0.9245100021362305 17
1667218819932 0.9215075373649597 18
1667218831719 0.9227848052978516 19
1667218843643 0.9245494604110718 20
1667218843648 0.8379293084144592 21
