1667222420892 0.9387595057487488 0
1667222432649 0.9555432200431824 1
1667222444596 0.9587392210960388 2
1667222456388 0.9601936936378479 3
1667222468309 0.9601554274559021 4
1667222480096 0.9618777632713318 5
1667222492048 0.9611505270004272 6
1667222503891 0.9633705019950867 7
1667222515742 0.963313102722168 8
1667222527386 0.9639638066291809 9
1667222539258 0.9638872146606445 10
1667222550878 0.9639255404472351 11
1667222562733 0.9642125964164734 12
1667222574515 0.9644613862037659 13
1667222586285 0.9653608202934265 14
1667222598012 0.9649780988693237 15
1667222609677 0.9657053351402283 16
1667222621482 0.9667961597442627 17
1667222633374 0.9663368463516235 18
1667222645254 0.9657436013221741 19
1667222656924 0.9662985801696777 20
1667222656928 0.9387595057487488 21
