1667222420892 0.19635359942913055 0
1667222432649 0.13734614849090576 1
1667222444596 0.12986239790916443 2
1667222456388 0.12326360493898392 3
1667222468309 0.1210680902004242 4
1667222480096 0.12100356817245483 5
1667222492048 0.11937502026557922 6
1667222503891 0.11611896008253098 7
1667222515742 0.11332330107688904 8
1667222527386 0.11333167552947998 9
1667222539258 0.11394006758928299 10
1667222550878 0.11119052767753601 11
1667222562733 0.11355415731668472 12
1667222574515 0.11094774305820465 13
1667222586285 0.10798005014657974 14
1667222598012 0.10818056017160416 15
1667222609677 0.10495882481336594 16
1667222621482 0.10402795672416687 17
1667222633374 0.10520881414413452 18
1667222645254 0.10591883212327957 19
1667222656924 0.10541778802871704 20
1667222656928 0.19635359942913055 21
