1667222420892 0.8471798300743103 0
1667222432649 0.883762776851654 1
1667222444596 0.8901938199996948 2
1667222456388 0.8958408832550049 3
1667222468309 0.8963437080383301 4
1667222480096 0.9005464315414429 5
1667222492048 0.9012083411216736 6
1667222503891 0.9059315323829651 7
1667222515742 0.9027798175811768 8
1667222527386 0.9019110798835754 9
1667222539258 0.9064742922782898 10
1667222550878 0.9079217910766602 11
1667222562733 0.9052270650863647 12
1667222574515 0.9050218462944031 13
1667222586285 0.9089046716690063 14
1667222598012 0.9069818258285522 15
1667222609677 0.9077730178833008 16
1667222621482 0.9140418171882629 17
1667222633374 0.9100204706192017 18
1667222645254 0.9139371514320374 19
1667222656924 0.9130243062973022 20
1667222656928 0.8471798300743103 21
