1667222674354 0.933975100517273 0
1667222686144 0.9512563943862915 1
1667222697804 0.9525960087776184 2
1667222709454 0.9555049538612366 3
1667222721223 0.957093358039856 4
1667222732938 0.9580502510070801 5
1667222744664 0.9582416415214539 6
1667222756619 0.9608443379402161 7
1667222768398 0.9616864323616028 8
1667222780056 0.9637724161148071 9
1667222791748 0.9638872146606445 10
1667222803590 0.9640977382659912 11
1667222815392 0.9645761847496033 12
1667222827064 0.9649589657783508 13
1667222838840 0.9658583998680115 14
1667222850658 0.9668152928352356 15
1667222862356 0.9653990864753723 16
1667222874055 0.9666430354118347 17
1667222885791 0.9666622281074524 18
1667222897555 0.9664134383201599 19
1667222909257 0.9667961597442627 20
1667222909262 0.933975100517273 21
