1667222674354 0.2105920910835266 0
1667222686144 0.14391672611236572 1
1667222697804 0.13908128440380096 2
1667222709454 0.13239915668964386 3
1667222721223 0.12821653485298157 4
1667222732938 0.12819528579711914 5
1667222744664 0.12426146119832993 6
1667222756619 0.12038811296224594 7
1667222768398 0.11552128940820694 8
1667222780056 0.11404310166835785 9
1667222791748 0.1101704090833664 10
1667222803590 0.10980625450611115 11
1667222815392 0.10869754105806351 12
1667222827064 0.10731952637434006 13
1667222838840 0.10663797706365585 14
1667222850658 0.10557727515697479 15
1667222862356 0.10631708800792694 16
1667222874055 0.10736783593893051 17
1667222885791 0.10347127914428711 18
1667222897555 0.10557424277067184 19
1667222909257 0.10267680138349533 20
1667222909262 0.2105920910835266 21
