1667222674354 0.8382634520530701 0
1667222686144 0.8730702996253967 1
1667222697804 0.8748751878738403 2
1667222709454 0.886584460735321 3
1667222721223 0.8890015482902527 4
1667222732938 0.8908682465553284 5
1667222744664 0.892082154750824 6
1667222756619 0.8989862203598022 7
1667222768398 0.900357186794281 8
1667222780056 0.9060761332511902 9
1667222791748 0.905701756477356 10
1667222803590 0.9064900875091553 11
1667222815392 0.9074941277503967 12
1667222827064 0.9067969918251038 13
1667222838840 0.9105768799781799 14
1667222850658 0.9129541516304016 15
1667222862356 0.9100579619407654 16
1667222874055 0.9122909903526306 17
1667222885791 0.9139365553855896 18
1667222897555 0.9136711955070496 19
1667222909257 0.9153255820274353 20
1667222909262 0.8382634520530701 21
