1667214792529 0.9374772906303406 0
1667214804469 0.9506056904792786 1
1667214816440 0.9514094591140747 2
1667214828343 0.9545480608940125 3
1667214840343 0.9556006193161011 4
1667214852189 0.9558876752853394 5
1667214864134 0.9572847485542297 6
1667214875964 0.9589688777923584 7
1667214887942 0.9618777632713318 8
1667214899878 0.9616672992706299 9
1667214911730 0.9624519348144531 10
1667214923644 0.9636192917823792 11
1667214935544 0.9631217122077942 12
1667214947504 0.9640786051750183 13
1667214959204 0.9642508625984192 14
1667214971198 0.9661837816238403 15
1667214983088 0.9668535590171814 16
1667214995044 0.9663559794425964 17
1667215007036 0.9673128724098206 18
1667215019024 0.9666813611984253 19
1667215031047 0.9671980738639832 20
1667215031050 0.9374772906303406 21
