1667214792529 0.19686400890350342 0
1667214804469 0.1461610645055771 1
1667214816440 0.13996344804763794 2
1667214828343 0.1359935849905014 3
1667214840343 0.12966039776802063 4
1667214852189 0.12877695262432098 5
1667214864134 0.12510401010513306 6
1667214875964 0.12313000112771988 7
1667214887942 0.11594758182764053 8
1667214899878 0.11523300409317017 9
1667214911730 0.11564311385154724 10
1667214923644 0.1115107461810112 11
1667214935544 0.11061921715736389 12
1667214947504 0.10833055526018143 13
1667214959204 0.10795679688453674 14
1667214971198 0.10791642963886261 15
1667214983088 0.10591985285282135 16
1667214995044 0.10881482809782028 17
1667215007036 0.1059553399682045 18
1667215019024 0.10626234859228134 19
1667215031047 0.10665588080883026 20
1667215031050 0.19686400890350342 21
