1667214792529 0.8388175964355469 0
1667214804469 0.867911159992218 1
1667214816440 0.8695006370544434 2
1667214828343 0.8805220723152161 3
1667214840343 0.8862336277961731 4
1667214852189 0.8854647874832153 5
1667214864134 0.8885196447372437 6
1667214875964 0.8952394723892212 7
1667214887942 0.9010724425315857 8
1667214899878 0.8976828455924988 9
1667214911730 0.9005886316299438 10
1667214923644 0.9045394659042358 11
1667214935544 0.902064859867096 12
1667214947504 0.9030619859695435 13
1667214959204 0.901727020740509 14
1667214971198 0.9154324531555176 15
1667214983088 0.9198060631752014 16
1667214995044 0.9155502915382385 17
1667215007036 0.9180814027786255 18
1667215019024 0.919188916683197 19
1667215031047 0.9220516681671143 20
1667215031050 0.8388175964355469 21
