1667215813007 0.9402713775634766 0
1667215825033 0.9536103010177612 1
1667215837175 0.9564427137374878 2
1667215849063 0.9588731527328491 3
1667215860838 0.9607678055763245 4
1667215872740 0.9617820978164673 5
1667215884651 0.961341917514801 6
1667215896526 0.9633705019950867 7
1667215908381 0.9626815915107727 8
1667215920179 0.9635427594184875 9
1667215932038 0.9636576175689697 10
1667215943986 0.9637532830238342 11
1667215955835 0.9639064073562622 12
1667215967687 0.9638872146606445 13
1667215979489 0.9644805192947388 14
1667215991547 0.9650737643241882 15
1667216003576 0.9662603139877319 16
1667216015453 0.9651311635971069 17
1667216027352 0.9658010005950928 18
1667216039189 0.9663559794425964 19
1667216050954 0.9660689234733582 20
1667216050956 0.9402713775634766 21
