1667215813007 0.19161586463451385 0
1667215825033 0.14016303420066833 1
1667215837175 0.1316102147102356 2
1667215849063 0.1265740692615509 3
1667215860838 0.12343580275774002 4
1667215872740 0.11948000639677048 5
1667215884651 0.11995135247707367 6
1667215896526 0.11576361954212189 7
1667215908381 0.11510732024908066 8
1667215920179 0.1144729033112526 9
1667215932038 0.11384397000074387 10
1667215943986 0.11269192397594452 11
1667215955835 0.11149658262729645 12
1667215967687 0.11264898627996445 13
1667215979489 0.10952851921319962 14
1667215991547 0.11046434938907623 15
1667216003576 0.11043063551187515 16
1667216015453 0.1117783710360527 17
1667216027352 0.10686474293470383 18
1667216039189 0.10985402762889862 19
1667216050954 0.10643406212329865 20
1667216050956 0.19161586463451385 21
