1667215813007 0.8443870544433594 0
1667215825033 0.8756668567657471 1
1667215837175 0.8832200169563293 2
1667215849063 0.8913200497627258 3
1667215860838 0.8962393999099731 4
1667215872740 0.9008607864379883 5
1667215884651 0.9022815823554993 6
1667215896526 0.9058719873428345 7
1667215908381 0.9015498757362366 8
1667215920179 0.903333842754364 9
1667215932038 0.9062133431434631 10
1667215943986 0.9050610065460205 11
1667215955835 0.9077951908111572 12
1667215967687 0.9071900248527527 13
1667215979489 0.9086570143699646 14
1667215991547 0.9084455370903015 15
1667216003576 0.9128899574279785 16
1667216015453 0.9123273491859436 17
1667216027352 0.9124926328659058 18
1667216039189 0.91255784034729 19
1667216050954 0.9104685187339783 20
1667216050956 0.8443870544433594 21
