1667213012370 0.9345300793647766 0
1667213024417 0.9499359130859375 1
1667213036289 0.9545097947120667 2
1667213048198 0.9574570059776306 3
1667213060065 0.9593133330345154 4
1667213071905 0.9607486724853516 5
1667213083813 0.9618777632713318 6
1667213095636 0.9618586301803589 7
1667213107323 0.9620691537857056 8
1667213119100 0.9627198576927185 9
1667213130856 0.9637724161148071 10
1667213142670 0.9631600379943848 11
1667213154434 0.9637341499328613 12
1667213166175 0.96478670835495 13
1667213177870 0.9654374122619629 14
1667213189715 0.9654565453529358 15
1667213201730 0.9654756784439087 16
1667213213699 0.9658775329589844 17
1667213225791 0.9661646485328674 18
1667213237728 0.9657053351402283 19
1667213249638 0.96541827917099 20
1667213249642 0.9345300793647766 21
