1667213012370 0.21051371097564697 0
1667213024417 0.1464192420244217 1
1667213036289 0.13642938435077667 2
1667213048198 0.1279810518026352 3
1667213060065 0.12507902085781097 4
1667213071905 0.12076312303543091 5
1667213083813 0.12218347191810608 6
1667213095636 0.11808723211288452 7
1667213107323 0.1164536327123642 8
1667213119100 0.11492697894573212 9
1667213130856 0.11058473587036133 10
1667213142670 0.11067579686641693 11
1667213154434 0.10980737209320068 12
1667213166175 0.10961352288722992 13
1667213177870 0.10780546814203262 14
1667213189715 0.1061081737279892 15
1667213201730 0.10593559592962265 16
1667213213699 0.10504451394081116 17
1667213225791 0.10429506748914719 18
1667213237728 0.10608220100402832 19
1667213249638 0.10557340830564499 20
1667213249642 0.21051371097564697 21
