1667213012370 0.8322450518608093 0
1667213024417 0.8662334680557251 1
1667213036289 0.8802322149276733 2
1667213048198 0.8845384120941162 3
1667213060065 0.8972277045249939 4
1667213071905 0.8946874737739563 5
1667213083813 0.9001383185386658 6
1667213095636 0.8980448842048645 7
1667213107323 0.8977806568145752 8
1667213119100 0.8991827368736267 9
1667213130856 0.902073085308075 10
1667213142670 0.9049641489982605 11
1667213154434 0.9055872559547424 12
1667213166175 0.9084047675132751 13
1667213177870 0.911762535572052 14
1667213189715 0.9123764634132385 15
1667213201730 0.9136030673980713 16
1667213213699 0.9117301106452942 17
1667213225791 0.9097815752029419 18
1667213237728 0.9105243682861328 19
1667213249638 0.9123026728630066 20
1667213249642 0.8322450518608093 21
