1667220386500 0.9378217458724976 0
1667220398348 0.952328085899353 1
1667220410394 0.9572464823722839 2
1667220422404 0.9597535133361816 3
1667220434394 0.9622796773910522 4
1667220446330 0.9637532830238342 5
1667220458139 0.9641934633255005 6
1667220470095 0.9643082618713379 7
1667220481794 0.9655904769897461 8
1667220493696 0.9657244682312012 9
1667220505400 0.9663368463516235 10
1667220517133 0.9675233960151672 11
1667220529154 0.9671980738639832 12
1667220541084 0.9673320055007935 13
1667220552953 0.9685759544372559 14
1667220564777 0.9682314991950989 15
1667220576665 0.9680018424987793 16
1667220588464 0.9690544009208679 17
1667220600267 0.9691118001937866 18
1667220612220 0.9698964357376099 19
1667220624055 0.9707385301589966 20
1667220624059 0.9378217458724976 21
