1667220386500 0.20433586835861206 0
1667220398348 0.1438450813293457 1
1667220410394 0.13434524834156036 2
1667220422404 0.12799981236457825 3
1667220434394 0.12192486226558685 4
1667220446330 0.11954354494810104 5
1667220458139 0.11695585399866104 6
1667220470095 0.11600375920534134 7
1667220481794 0.11519081145524979 8
1667220493696 0.11509013175964355 9
1667220505400 0.11211655288934708 10
1667220517133 0.10928614437580109 11
1667220529154 0.10908644646406174 12
1667220541084 0.10644478350877762 13
1667220552953 0.10633988678455353 14
1667220564777 0.10416504740715027 15
1667220576665 0.10536100715398788 16
1667220588464 0.1048363670706749 17
1667220600267 0.10407840460538864 18
1667220612220 0.10350392758846283 19
1667220624055 0.10045290738344193 20
1667220624059 0.20433586835861206 21
