1667220386500 0.8401089906692505 0
1667220398348 0.8750714659690857 1
1667220410394 0.8849430680274963 2
1667220422404 0.8995007872581482 3
1667220434394 0.9070351719856262 4
1667220446330 0.9083412885665894 5
1667220458139 0.9114598631858826 6
1667220470095 0.9114382863044739 7
1667220481794 0.9121178388595581 8
1667220493696 0.9129536747932434 9
1667220505400 0.916098415851593 10
1667220517133 0.9173443913459778 11
1667220529154 0.9160085320472717 12
1667220541084 0.9192684888839722 13
1667220552953 0.9219668507575989 14
1667220564777 0.9215481877326965 15
1667220576665 0.9218552112579346 16
1667220588464 0.9229910969734192 17
1667220600267 0.9250317811965942 18
1667220612220 0.9238080978393555 19
1667220624055 0.9256947636604309 20
1667220624059 0.8401089906692505 21
