1667219113802 0.9426061511039734 0
1667219125692 0.955428421497345 1
1667219137601 0.9570359587669373 2
1667219149322 0.9593515992164612 3
1667219161141 0.9606529474258423 4
1667219172985 0.9607678055763245 5
1667219184867 0.9621074199676514 6
1667219196641 0.9638298153877258 7
1667219208454 0.964767575263977 8
1667219220376 0.9664325714111328 9
1667219232393 0.967083215713501 10
1667219244266 0.9673894047737122 11
1667219256160 0.9685759544372559 12
1667219268099 0.9683654308319092 13
1667219279937 0.9692457914352417 14
1667219291923 0.97016441822052 15
1667219303916 0.9692266583442688 16
1667219315847 0.9697625041007996 17
1667219327692 0.9705280065536499 18
1667219339513 0.9709681868553162 19
1667219351428 0.9704706072807312 20
1667219351433 0.9426061511039734 21
