1667219113802 0.19157959520816803 0
1667219125692 0.13932909071445465 1
1667219137601 0.134128600358963 2
1667219149322 0.12649928033351898 3
1667219161141 0.12417864799499512 4
1667219172985 0.1266154795885086 5
1667219184867 0.12179458886384964 6
1667219196641 0.12045416235923767 7
1667219208454 0.11588278412818909 8
1667219220376 0.11264587938785553 9
1667219232393 0.11121468991041183 10
1667219244266 0.1099456250667572 11
1667219256160 0.107178695499897 12
1667219268099 0.10522263497114182 13
1667219279937 0.10287022590637207 14
1667219291923 0.10462666302919388 15
1667219303916 0.10712191462516785 16
1667219315847 0.10199471563100815 17
1667219327692 0.1009211465716362 18
1667219339513 0.09932169318199158 19
1667219351428 0.1000145748257637 20
1667219351433 0.19157959520816803 21
