1667219113802 0.8523849844932556 0
1667219125692 0.8795043230056763 1
1667219137601 0.884852409362793 2
1667219149322 0.894072413444519 3
1667219161141 0.8971731662750244 4
1667219172985 0.8972179889678955 5
1667219184867 0.8980255722999573 6
1667219196641 0.9050887227058411 7
1667219208454 0.9126925468444824 8
1667219220376 0.9127655029296875 9
1667219232393 0.9154804944992065 10
1667219244266 0.9173633456230164 11
1667219256160 0.918912947177887 12
1667219268099 0.9189708828926086 13
1667219279937 0.9224202036857605 14
1667219291923 0.9224456548690796 15
1667219303916 0.9240515828132629 16
1667219315847 0.9268128275871277 17
1667219327692 0.9273501038551331 18
1667219339513 0.9263940453529358 19
1667219351428 0.9249220490455627 20
1667219351433 0.8523849844932556 21
