1667213521686 0.9363098740577698 0
1667213533495 0.9496487975120544 1
1667213545257 0.9557920098304749 2
1667213557014 0.9601171016693115 3
1667213568729 0.9601171016693115 4
1667213580416 0.9616289734840393 5
1667213592171 0.9634279608726501 6
1667213603951 0.9639829397201538 7
1667213615775 0.9650928974151611 8
1667213627407 0.9660689234733582 9
1667213639112 0.9662603139877319 10
1667213650708 0.9666047692298889 11
1667213662572 0.9679635763168335 12
1667213674304 0.9685376882553101 13
1667213686054 0.969685971736908 14
1667213697776 0.9699347615242004 15
1667213709173 0.9688438773155212 16
1667213720895 0.9689587354660034 17
1667213732658 0.9697625041007996 18
1667213744317 0.9702983498573303 19
1667213755868 0.9702218174934387 20
1667213755886 0.9363098740577698 21
