1667213521686 0.2040630578994751 0
1667213533495 0.15058499574661255 1
1667213545257 0.13297000527381897 2
1667213557014 0.1272365301847458 3
1667213568729 0.12606114149093628 4
1667213580416 0.122700996696949 5
1667213592171 0.12175434827804565 6
1667213603951 0.11969540268182755 7
1667213615775 0.11825582385063171 8
1667213627407 0.11328894644975662 9
1667213639112 0.11398078501224518 10
1667213650708 0.1127559170126915 11
1667213662572 0.10940060764551163 12
1667213674304 0.11094165593385696 13
1667213686054 0.10539839416742325 14
1667213697776 0.10580883920192719 15
1667213709173 0.10602841526269913 16
1667213720895 0.10439340025186539 17
1667213732658 0.10372336953878403 18
1667213744317 0.10343500971794128 19
1667213755868 0.10242094844579697 20
1667213755886 0.2040630578994751 21
