1667213521686 0.8372791409492493 0
1667213533495 0.8688559532165527 1
1667213545257 0.8817850351333618 2
1667213557014 0.8948359489440918 3
1667213568729 0.8989973068237305 4
1667213580416 0.9036312699317932 5
1667213592171 0.9051799774169922 6
1667213603951 0.9091445207595825 7
1667213615775 0.9106157422065735 8
1667213627407 0.9135565757751465 9
1667213639112 0.9105340242385864 10
1667213650708 0.913856565952301 11
1667213662572 0.9179165363311768 12
1667213674304 0.9225839972496033 13
1667213686054 0.9214903712272644 14
1667213697776 0.9247655868530273 15
1667213709173 0.9211716651916504 16
1667213720895 0.9214566349983215 17
1667213732658 0.9245254993438721 18
1667213744317 0.9235498905181885 19
1667213755868 0.9229004979133606 20
1667213755886 0.8372791409492493 21
