1667223943878 0.9373050332069397 0
1667223955805 0.9507396817207336 1
1667223967712 0.9525003433227539 2
1667223979676 0.9535911679267883 3
1667223991638 0.9548159837722778 4
1667224003633 0.9591602683067322 5
1667224015625 0.9608826041221619 6
1667224027506 0.9616672992706299 7
1667224039407 0.9632939696311951 8
1667224051381 0.9636576175689697 9
1667224063229 0.9626049995422363 10
1667224075139 0.9652460217475891 11
1667224087128 0.9661454558372498 12
1667224099076 0.9665665030479431 13
1667224111040 0.9684228897094727 14
1667224122997 0.9684611558914185 15
1667224134919 0.9675425291061401 16
1667224146910 0.9681932330131531 17
1667224158803 0.9689587354660034 18
1667224170693 0.9686716794967651 19
1667224182653 0.9696668386459351 20
1667224182658 0.9373050332069397 21
