1667223943878 0.19777359068393707 0
1667223955805 0.1456499546766281 1
1667223967712 0.13931840658187866 2
1667223979676 0.13385933637619019 3
1667223991638 0.13219499588012695 4
1667224003633 0.123557910323143 5
1667224015625 0.12030231952667236 6
1667224027506 0.11795075237751007 7
1667224039407 0.11407431960105896 8
1667224051381 0.11318623274564743 9
1667224063229 0.11302150040864944 10
1667224075139 0.10915210098028183 11
1667224087128 0.10895750671625137 12
1667224099076 0.10877427458763123 13
1667224111040 0.10354640334844589 14
1667224122997 0.10452290624380112 15
1667224134919 0.10426827520132065 16
1667224146910 0.10221002995967865 17
1667224158803 0.10156582295894623 18
1667224170693 0.10522451251745224 19
1667224182653 0.10323642939329147 20
1667224182658 0.19777359068393707 21
