1667223943878 0.8394742608070374 0
1667223955805 0.8698061108589172 1
1667223967712 0.8717531561851501 2
1667223979676 0.8750710487365723 3
1667223991638 0.8770759701728821 4
1667224003633 0.8925703763961792 5
1667224015625 0.8953681588172913 6
1667224027506 0.8995344042778015 7
1667224039407 0.9037128686904907 8
1667224051381 0.9053816795349121 9
1667224063229 0.9001813530921936 10
1667224075139 0.9093440771102905 11
1667224087128 0.9112170338630676 12
1667224099076 0.9145765900611877 13
1667224111040 0.920605480670929 14
1667224122997 0.9170897006988525 15
1667224134919 0.9143486022949219 16
1667224146910 0.9187310338020325 17
1667224158803 0.9195894598960876 18
1667224170693 0.9209316372871399 19
1667224182653 0.9218587875366211 20
1667224182658 0.8394742608070374 21
