1667211485310 0.9402905106544495 0
1667211496972 0.953954815864563 1
1667211508915 0.9590836763381958 2
1667211520760 0.9614185094833374 3
1667211532565 0.9636958837509155 4
1667211544255 0.9648249745368958 5
1667211556189 0.965915858745575 6
1667211568015 0.966107189655304 7
1667211579770 0.9662029147148132 8
1667211591676 0.9666813611984253 9
1667211603408 0.9665282368659973 10
1667211615085 0.9678487181663513 11
1667211626718 0.9675042629241943 12
1667211638330 0.9678487181663513 13
1667211650047 0.9685759544372559 14
1667211661885 0.97016441822052 15
1667211673764 0.9684802889823914 16
1667211685480 0.9696668386459351 17
1667211697032 0.9693223237991333 18
1667211708596 0.9693031907081604 19
1667211720318 0.9705662727355957 20
1667211720323 0.9402905106544495 21
