1667211485310 0.20220105350017548 0
1667211496972 0.14449918270111084 1
1667211508915 0.1291682869195938 2
1667211520760 0.12210829555988312 3
1667211532565 0.11957604438066483 4
1667211544255 0.11732704192399979 5
1667211556189 0.11451373249292374 6
1667211568015 0.11311399936676025 7
1667211579770 0.11156284064054489 8
1667211591676 0.11028837412595749 9
1667211603408 0.11029740422964096 10
1667211615085 0.10773065686225891 11
1667211626718 0.10700780153274536 12
1667211638330 0.10805676132440567 13
1667211650047 0.1063702255487442 14
1667211661885 0.10259982943534851 15
1667211673764 0.10805367678403854 16
1667211685480 0.10387196391820908 17
1667211697032 0.10424728691577911 18
1667211708596 0.10529012233018875 19
1667211720318 0.10166514664888382 20
1667211720323 0.20220105350017548 21
