1667211485310 0.8582528233528137 0
1667211496972 0.8831751942634583 1
1667211508915 0.8950549960136414 2
1667211520760 0.9007232189178467 3
1667211532565 0.9064653515815735 4
1667211544255 0.9110078811645508 5
1667211556189 0.9139943718910217 6
1667211568015 0.9155921339988708 7
1667211579770 0.9158082008361816 8
1667211591676 0.9180669188499451 9
1667211603408 0.9146863222122192 10
1667211615085 0.9214940667152405 11
1667211626718 0.9196966290473938 12
1667211638330 0.9193058013916016 13
1667211650047 0.9215278029441833 14
1667211661885 0.9238872528076172 15
1667211673764 0.9182649850845337 16
1667211685480 0.9215468764305115 17
1667211697032 0.9224432110786438 18
1667211708596 0.9214364886283875 19
1667211720318 0.9234411120414734 20
1667211720323 0.8582528233528137 21
