1667209704688 0.9381088018417358 0
1667209716570 0.9515434503555298 1
1667209728274 0.9530744552612305 2
1667209740114 0.9551413059234619 3
1667209751892 0.9568254351615906 4
1667209763619 0.9586818218231201 5
1667209775431 0.9606529474258423 6
1667209787296 0.9610165953636169 7
1667209799050 0.9622414112091064 8
1667209810843 0.9631025791168213 9
1667209822626 0.9645761847496033 10
1667209834470 0.9640020728111267 11
1667209846321 0.9642699956893921 12
1667209858210 0.9655713438987732 13
1667209870030 0.9655139446258545 14
1667209881787 0.9652460217475891 15
1667209893587 0.9663942456245422 16
1667209905406 0.9664517045021057 17
1667209917240 0.9664708375930786 18
1667209928893 0.9669110178947449 19
1667209940744 0.9671789407730103 20
1667209940748 0.9381088018417358 21
