1667209704688 0.1979781687259674 0
1667209716570 0.144464910030365 1
1667209728274 0.13738173246383667 2
1667209740114 0.13375887274742126 3
1667209751892 0.1320946365594864 4
1667209763619 0.12421555072069168 5
1667209775431 0.11877114325761795 6
1667209787296 0.11884088814258575 7
1667209799050 0.11447667330503464 8
1667209810843 0.11509222537279129 9
1667209822626 0.11231942474842072 10
1667209834470 0.11207933723926544 11
1667209846321 0.11243386566638947 12
1667209858210 0.11081873625516891 13
1667209870030 0.10987035185098648 14
1667209881787 0.10812503099441528 15
1667209893587 0.10748633742332458 16
1667209905406 0.1074618473649025 17
1667209917240 0.10715533047914505 18
1667209928893 0.10763873159885406 19
1667209940744 0.10581760108470917 20
1667209940748 0.1979781687259674 21
