1667209704688 0.8399442434310913 0
1667209716570 0.8696697354316711 1
1667209728274 0.8716049194335938 2
1667209740114 0.8804604411125183 3
1667209751892 0.8913281559944153 4
1667209763619 0.8906768560409546 5
1667209775431 0.9015502333641052 6
1667209787296 0.897892415523529 7
1667209799050 0.9005091190338135 8
1667209810843 0.9032893180847168 9
1667209822626 0.9091711044311523 10
1667209834470 0.9058617353439331 11
1667209846321 0.9067896008491516 12
1667209858210 0.9118080139160156 13
1667209870030 0.9112434983253479 14
1667209881787 0.9105476140975952 15
1667209893587 0.9123283624649048 16
1667209905406 0.9135620594024658 17
1667209917240 0.9135075211524963 18
1667209928893 0.9165926575660706 19
1667209940744 0.9169256091117859 20
1667209940748 0.8399442434310913 21
