1667215048318 0.9383958578109741 0
1667215060374 0.9487302303314209 1
1667215072212 0.9521558284759521 2
1667215083978 0.9549691081047058 3
1667215095825 0.9561939239501953 4
1667215107688 0.9585669636726379 5
1667215119492 0.9597535133361816 6
1667215131270 0.9605572819709778 7
1667215142937 0.9611888527870178 8
1667215154702 0.9625284671783447 9
1667215166414 0.962317943572998 10
1667215178289 0.9635236263275146 11
1667215190147 0.9646144509315491 12
1667215202104 0.9643465280532837 13
1667215214019 0.9649015665054321 14
1667215225950 0.9651886224746704 15
1667215237813 0.9653225541114807 16
1667215249725 0.9659923911094666 17
1667215261562 0.9660306572914124 18
1667215273289 0.9659541249275208 19
1667215285049 0.9658775329589844 20
1667215285053 0.9383958578109741 21
