1667215048318 0.20029182732105255 0
1667215060374 0.14981552958488464 1
1667215072212 0.1421555131673813 2
1667215083978 0.13461154699325562 3
1667215095825 0.12982098758220673 4
1667215107688 0.1256929337978363 5
1667215119492 0.12396689504384995 6
1667215131270 0.12021581828594208 7
1667215142937 0.12002647668123245 8
1667215154702 0.12010715156793594 9
1667215166414 0.11682266741991043 10
1667215178289 0.11698475480079651 11
1667215190147 0.11288303136825562 12
1667215202104 0.11367560178041458 13
1667215214019 0.1097477376461029 14
1667215225950 0.1123507171869278 15
1667215237813 0.11109386384487152 16
1667215249725 0.10915359854698181 17
1667215261562 0.110495924949646 18
1667215273289 0.10824469476938248 19
1667215285049 0.10874045640230179 20
1667215285053 0.20029182732105255 21
