1667215048318 0.8413475155830383 0
1667215060374 0.8646526336669922 1
1667215072212 0.8725929260253906 2
1667215083978 0.8827382922172546 3
1667215095825 0.8908944725990295 4
1667215107688 0.8902351260185242 5
1667215119492 0.8949201703071594 6
1667215131270 0.8971357941627502 7
1667215142937 0.9013991355895996 8
1667215154702 0.9034311175346375 9
1667215166414 0.9030582308769226 10
1667215178289 0.9077194929122925 11
1667215190147 0.9096660017967224 12
1667215202104 0.907472550868988 13
1667215214019 0.9088043570518494 14
1667215225950 0.9095643162727356 15
1667215237813 0.9093106985092163 16
1667215249725 0.9124355912208557 17
1667215261562 0.9133608341217041 18
1667215273289 0.9143744707107544 19
1667215285049 0.9113069176673889 20
1667215285053 0.8413475155830383 21
