1667218861174 0.9362142086029053 0
1667218872962 0.9533806443214417 1
1667218884665 0.9578971266746521 2
1667218896392 0.9588348865509033 3
1667218908132 0.9607678055763245 4
1667218919972 0.9616098403930664 5
1667218931757 0.9627389907836914 6
1667218943585 0.9630260467529297 7
1667218955414 0.9633513689041138 8
1667218967111 0.9629112482070923 9
1667218978956 0.9643847942352295 10
1667218990774 0.9643082618713379 11
1667219002478 0.9644996523857117 12
1667219014207 0.9647293090820312 13
1667219025854 0.964767575263977 14
1667219037632 0.9654756784439087 15
1667219049327 0.9663368463516235 16
1667219061140 0.966088056564331 17
1667219072915 0.9655713438987732 18
1667219084637 0.9655330777168274 19
1667219096334 0.9664517045021057 20
1667219096337 0.9362142086029053 21
