1667218861174 0.21166473627090454 0
1667218872962 0.13748863339424133 1
1667218884665 0.12782403826713562 2
1667218896392 0.12528033554553986 3
1667218908132 0.12238578498363495 4
1667218919972 0.12157677114009857 5
1667218931757 0.11711498349905014 6
1667218943585 0.11710889637470245 7
1667218955414 0.11422374844551086 8
1667218967111 0.113700270652771 9
1667218978956 0.11301735788583755 10
1667218990774 0.11196376383304596 11
1667219002478 0.1129721850156784 12
1667219014207 0.11120713502168655 13
1667219025854 0.10938708484172821 14
1667219037632 0.10795902460813522 15
1667219049327 0.10567206144332886 16
1667219061140 0.10645656287670135 17
1667219072915 0.10858628153800964 18
1667219084637 0.10797838121652603 19
1667219096334 0.10522079467773438 20
1667219096337 0.21166473627090454 21
