1667218861174 0.8426320552825928 0
1667218872962 0.8810951113700867 1
1667218884665 0.8923972249031067 2
1667218896392 0.892893373966217 3
1667218908132 0.8991314768791199 4
1667218919972 0.9003865122795105 5
1667218931757 0.9008132219314575 6
1667218943585 0.9039093852043152 7
1667218955414 0.9056271910667419 8
1667218967111 0.9040444493293762 9
1667218978956 0.9077847599983215 10
1667218990774 0.9067437052726746 11
1667219002478 0.9081842303276062 12
1667219014207 0.9064779877662659 13
1667219025854 0.9036650657653809 14
1667219037632 0.9102047085762024 15
1667219049327 0.9156671166419983 16
1667219061140 0.9141126871109009 17
1667219072915 0.9140636324882507 18
1667219084637 0.9125848412513733 19
1667219096334 0.9158276319503784 20
1667219096337 0.8426320552825928 21
