1667217844536 0.9359079599380493 0
1667217856333 0.9505100250244141 1
1667217868202 0.9555049538612366 2
1667217880044 0.9578779935836792 3
1667217891905 0.9594281911849976 4
1667217903759 0.9615715742111206 5
1667217915714 0.9615141749382019 6
1667217927675 0.9617629647254944 7
1667217939638 0.9632174372673035 8
1667217951488 0.9635044932365417 9
1667217963371 0.9644231200218201 10
1667217975074 0.9655522108078003 11
1667217986973 0.9658010005950928 12
1667217998742 0.9653608202934265 13
1667218010722 0.9665282368659973 14
1667218022558 0.9663751125335693 15
1667218034330 0.9672746062278748 16
1667218046193 0.9676765203475952 17
1667218057893 0.9675999283790588 18
1667218069684 0.9676956534385681 19
1667218081455 0.9676573872566223 20
1667218081459 0.9359079599380493 21
