1667217844536 0.2047092169523239 0
1667217856333 0.14194148778915405 1
1667217868202 0.13495558500289917 2
1667217880044 0.12833119928836823 3
1667217891905 0.12454447150230408 4
1667217903759 0.12166453152894974 5
1667217915714 0.12077397108078003 6
1667217927675 0.11775761842727661 7
1667217939638 0.11820442974567413 8
1667217951488 0.11557691544294357 9
1667217963371 0.11297010630369186 10
1667217975074 0.11181705445051193 11
1667217986973 0.11181629449129105 12
1667217998742 0.11134998500347137 13
1667218010722 0.1087350845336914 14
1667218022558 0.10811500996351242 15
1667218034330 0.10783176124095917 16
1667218046193 0.10397123545408249 17
1667218057893 0.1077500432729721 18
1667218069684 0.1070760115981102 19
1667218081455 0.10725560039281845 20
1667218081459 0.2047092169523239 21
