1667217844536 0.8347457647323608 0
1667217856333 0.8696950078010559 1
1667217868202 0.8820409774780273 2
1667217880044 0.8855999112129211 3
1667217891905 0.8939316868782043 4
1667217903759 0.9006056785583496 5
1667217915714 0.9001166224479675 6
1667217927675 0.9031476974487305 7
1667217939638 0.9067715406417847 8
1667217951488 0.909702718257904 9
1667217963371 0.9089973568916321 10
1667217975074 0.9134451746940613 11
1667217986973 0.9100161194801331 12
1667217998742 0.9080686569213867 13
1667218010722 0.9108657240867615 14
1667218022558 0.9114155769348145 15
1667218034330 0.9166482090950012 16
1667218046193 0.9159181118011475 17
1667218057893 0.9149764776229858 18
1667218069684 0.9166605472564697 19
1667218081455 0.9185624122619629 20
1667218081459 0.8347457647323608 21
