1667216830863 0.9374390244483948 0
1667216842872 0.9522706866264343 1
1667216854750 0.9556963443756104 2
1667216866722 0.958222508430481 3
1667216878792 0.9591794013977051 4
1667216890679 0.9610931277275085 5
1667216902667 0.9604424834251404 6
1667216914509 0.9614376425743103 7
1667216926425 0.9620882868766785 8
1667216938391 0.9627389907836914 9
1667216950368 0.9621840119361877 10
1667216961976 0.963447093963623 11
1667216973797 0.9640212059020996 12
1667216985585 0.9642508625984192 13
1667216997489 0.9649398326873779 14
1667217009338 0.9653799533843994 15
1667217021184 0.9646144509315491 16
1667217033154 0.9653225541114807 17
1667217045043 0.9650163650512695 18
1667217056909 0.9665473699569702 19
1667217068759 0.9671406149864197 20
1667217068764 0.9374390244483948 21
