1667216830863 0.20439496636390686 0
1667216842872 0.14221946895122528 1
1667216854750 0.13294364511966705 2
1667216866722 0.12758398056030273 3
1667216878792 0.12666909396648407 4
1667216890679 0.1223401203751564 5
1667216902667 0.12311933189630508 6
1667216914509 0.12041773647069931 7
1667216926425 0.11917256563901901 8
1667216938391 0.1210486888885498 9
1667216950368 0.11757753044366837 10
1667216961976 0.11368656158447266 11
1667216973797 0.11196110397577286 12
1667216985585 0.11285482347011566 13
1667216997489 0.10925973206758499 14
1667217009338 0.11110301315784454 15
1667217021184 0.10939662158489227 16
1667217033154 0.10812041908502579 17
1667217045043 0.10889996588230133 18
1667217056909 0.10829425603151321 19
1667217068759 0.10481707006692886 20
1667217068764 0.20439496636390686 21
