1667216830863 0.8412219285964966 0
1667216842872 0.8746162056922913 1
1667216854750 0.882289707660675 2
1667216866722 0.8860225677490234 3
1667216878792 0.888976514339447 4
1667216890679 0.8982693552970886 5
1667216902667 0.8938257098197937 6
1667216914509 0.8963872790336609 7
1667216926425 0.9002764225006104 8
1667216938391 0.9029785394668579 9
1667216950368 0.8999055624008179 10
1667216961976 0.9061973094940186 11
1667216973797 0.9107314348220825 12
1667216985585 0.9054773449897766 13
1667216997489 0.913485050201416 14
1667217009338 0.9116217494010925 15
1667217021184 0.9094250798225403 16
1667217033154 0.9131849408149719 17
1667217045043 0.9132657051086426 18
1667217056909 0.9132289290428162 19
1667217068759 0.9153154492378235 20
1667217068764 0.8412219285964966 21
