1667215302389 0.9355061054229736 0
1667215314349 0.9540504813194275 1
1667215326212 0.9562895894050598 2
1667215338228 0.958069384098053 3
1667215350174 0.9588540196418762 4
1667215362100 0.9599257707595825 5
1667215374099 0.9617438316345215 6
1667215385933 0.9627581238746643 7
1667215397775 0.9625667333602905 8
1667215409739 0.9633322358131409 9
1667215421696 0.963447093963623 10
1667215433685 0.9638106822967529 11
1667215445666 0.9651886224746704 12
1667215457620 0.9653799533843994 13
1667215469501 0.9654374122619629 14
1667215481422 0.9667004942893982 15
1667215493409 0.9677339196205139 16
1667215505550 0.9674659967422485 17
1667215517490 0.9681932330131531 18
1667215529353 0.9680209755897522 19
1667215541470 0.9688630104064941 20
1667215541474 0.9355061054229736 21
