1667215302389 0.1997060328722 0
1667215314349 0.1387149542570114 1
1667215326212 0.13124728202819824 2
1667215338228 0.12806248664855957 3
1667215350174 0.1250104457139969 4
1667215362100 0.12584446370601654 5
1667215374099 0.12077867239713669 6
1667215385933 0.11792253702878952 7
1667215397775 0.11686055362224579 8
1667215409739 0.11474130302667618 9
1667215421696 0.11385620385408401 10
1667215433685 0.11303653568029404 11
1667215445666 0.11121215671300888 12
1667215457620 0.11074598133563995 13
1667215469501 0.11140815168619156 14
1667215481422 0.10833095014095306 15
1667215493409 0.10699129849672318 16
1667215505550 0.10665785521268845 17
1667215517490 0.10810873657464981 18
1667215529353 0.1056012287735939 19
1667215541470 0.10396765917539597 20
1667215541474 0.1997060328722 21
