1667215302389 0.8333911299705505 0
1667215314349 0.8758165240287781 1
1667215326212 0.8835375905036926 2
1667215338228 0.887675940990448 3
1667215350174 0.8896799683570862 4
1667215362100 0.8953902125358582 5
1667215374099 0.9025498032569885 6
1667215385933 0.9008786678314209 7
1667215397775 0.900108814239502 8
1667215409739 0.9039036631584167 9
1667215421696 0.904004693031311 10
1667215433685 0.9046681523323059 11
1667215445666 0.9086052775382996 12
1667215457620 0.9102319478988647 13
1667215469501 0.9100109934806824 14
1667215481422 0.9131584763526917 15
1667215493409 0.9148982763290405 16
1667215505550 0.9154825806617737 17
1667215517490 0.9199733138084412 18
1667215529353 0.918986976146698 19
1667215541470 0.9201183319091797 20
1667215541474 0.8333911299705505 21
