1667209958522 0.9343195557594299 0
1667209970424 0.9492469429969788 1
1667209982211 0.9544715285301208 2
1667209993809 0.9550647735595703 3
1667210005522 0.9562321901321411 4
1667210017477 0.9574952721595764 5
1667210029500 0.95904541015625 6
1667210041396 0.9599449038505554 7
1667210053302 0.959198534488678 8
1667210065248 0.9614376425743103 9
1667210077129 0.9605764150619507 10
1667210088885 0.9616098403930664 11
1667210100629 0.9613036513328552 12
1667210112411 0.9622796773910522 13
1667210124193 0.9618203639984131 14
1667210136010 0.9621840119361877 15
1667210147961 0.9635044932365417 16
1667210159817 0.9638489484786987 17
1667210171653 0.96541827917099 18
1667210183518 0.9655139446258545 19
1667210195375 0.9657244682312012 20
1667210195379 0.9343195557594299 21
