1667209958522 0.20547278225421906 0
1667209970424 0.14498117566108704 1
1667209982211 0.13439883291721344 2
1667209993809 0.13280431926250458 3
1667210005522 0.12784014642238617 4
1667210017477 0.1255621612071991 5
1667210029500 0.12399895489215851 6
1667210041396 0.11938317120075226 7
1667210053302 0.12123207002878189 8
1667210065248 0.11655272543430328 9
1667210077129 0.11824871599674225 10
1667210088885 0.11536461859941483 11
1667210100629 0.11500852555036545 12
1667210112411 0.11339443176984787 13
1667210124193 0.11285430938005447 14
1667210136010 0.11331039667129517 15
1667210147961 0.11235053837299347 16
1667210159817 0.11012013256549835 17
1667210171653 0.10658621042966843 18
1667210183518 0.10798018425703049 19
1667210195375 0.10477089881896973 20
1667210195379 0.20547278225421906 21
