1667209958522 0.8320706486701965 0
1667209970424 0.8649106621742249 1
1667209982211 0.8777777552604675 2
1667209993809 0.8817914128303528 3
1667210005522 0.8835675120353699 4
1667210017477 0.890695333480835 5
1667210029500 0.895327627658844 6
1667210041396 0.9025273323059082 7
1667210053302 0.8971825838088989 8
1667210065248 0.9012580513954163 9
1667210077129 0.9000512361526489 10
1667210088885 0.8993962407112122 11
1667210100629 0.899220883846283 12
1667210112411 0.9021612405776978 13
1667210124193 0.9059683680534363 14
1667210136010 0.9046079516410828 15
1667210147961 0.9025577902793884 16
1667210159817 0.9059253931045532 17
1667210171653 0.9100043773651123 18
1667210183518 0.9128829836845398 19
1667210195375 0.915035605430603 20
1667210195379 0.8320706486701965 21
