1667211990305 0.9409412145614624 0
1667212002289 0.9552561640739441 1
1667212014264 0.9579737186431885 2
1667212026107 0.960519015789032 3
1667212037967 0.9616864323616028 4
1667212049873 0.9628920555114746 5
1667212061893 0.9647484421730042 6
1667212073897 0.9649015665054321 7
1667212085770 0.9664134383201599 8
1667212097338 0.9662029147148132 9
1667212109306 0.9671598076820374 10
1667212121522 0.968059241771698 11
1667212133568 0.9680018424987793 12
1667212145479 0.9681740999221802 13
1667212157337 0.968882143497467 14
1667212169282 0.9690735340118408 15
1667212181248 0.9699538946151733 16
1667212193168 0.9688056111335754 17
1667212204931 0.9700495600700378 18
1667212216857 0.96953284740448 19
1667212228722 0.9702600836753845 20
1667212228726 0.9409412145614624 21
