1667211990305 0.19792614877223969 0
1667212002289 0.14007516205310822 1
1667212014264 0.12928906083106995 2
1667212026107 0.1257842630147934 3
1667212037967 0.12290314584970474 4
1667212049873 0.11828644573688507 5
1667212061893 0.1152159571647644 6
1667212073897 0.11680318415164948 7
1667212085770 0.1127062663435936 8
1667212097338 0.11277186125516891 9
1667212109306 0.11045195162296295 10
1667212121522 0.1082025021314621 11
1667212133568 0.10813234001398087 12
1667212145479 0.10559630393981934 13
1667212157337 0.10481555014848709 14
1667212169282 0.10522511601448059 15
1667212181248 0.10292459279298782 16
1667212193168 0.10632597655057907 17
1667212204931 0.10407102853059769 18
1667212216857 0.10006045550107956 19
1667212228722 0.10046373307704926 20
1667212228726 0.19792614877223969 21
