1667211990305 0.8510246276855469 0
1667212002289 0.8852471113204956 1
1667212014264 0.8912333846092224 2
1667212026107 0.9015585780143738 3
1667212037967 0.9043657779693604 4
1667212049873 0.9095492362976074 5
1667212061893 0.9126860499382019 6
1667212073897 0.9123105406761169 7
1667212085770 0.917732834815979 8
1667212097338 0.9147017598152161 9
1667212109306 0.9149547219276428 10
1667212121522 0.9203060269355774 11
1667212133568 0.9191672205924988 12
1667212145479 0.9195317029953003 13
1667212157337 0.9227505922317505 14
1667212169282 0.9220547676086426 15
1667212181248 0.9243922233581543 16
1667212193168 0.9205984473228455 17
1667212204931 0.9240421652793884 18
1667212216857 0.9215686321258545 19
1667212228722 0.9256198406219482 20
1667212228726 0.8510246276855469 21
