1667213773420 0.9372667670249939 0
1667213785301 0.9522515535354614 1
1667213797295 0.9551987648010254 2
1667213809142 0.9596961140632629 3
1667213821091 0.9608826041221619 4
1667213833079 0.962471067905426 5
1667213844986 0.9644996523857117 6
1667213856927 0.9653034210205078 7
1667213868863 0.9654565453529358 8
1667213880854 0.9657436013221741 9
1667213892631 0.9660115242004395 10
1667213904478 0.966088056564331 11
1667213916305 0.9675807952880859 12
1667213928268 0.9681357741355896 13
1667213940137 0.9674851298332214 14
1667213952222 0.9677721858024597 15
1667213964143 0.9688056111335754 16
1667213976133 0.9687864780426025 17
1667213988173 0.9684611558914185 18
1667214000112 0.9697242379188538 19
1667214012166 0.9692266583442688 20
1667214012170 0.9372667670249939 21
