1667213773420 0.2026815414428711 0
1667213785301 0.14580966532230377 1
1667213797295 0.13945503532886505 2
1667213809142 0.12838299572467804 3
1667213821091 0.1270301640033722 4
1667213833079 0.12034306675195694 5
1667213844986 0.11650627851486206 6
1667213856927 0.11782680451869965 7
1667213868863 0.11357495933771133 8
1667213880854 0.11585309356451035 9
1667213892631 0.11023867130279541 10
1667213904478 0.1129404827952385 11
1667213916305 0.10961116850376129 12
1667213928268 0.1063118427991867 13
1667213940137 0.1090257540345192 14
1667213952222 0.10531977564096451 15
1667213964143 0.10650227963924408 16
1667213976133 0.10459636151790619 17
1667213988173 0.10811833292245865 18
1667214000112 0.10246171802282333 19
1667214012166 0.10490348190069199 20
1667214012170 0.2026815414428711 21
