1667213773420 0.8459345698356628 0
1667213785301 0.8762191534042358 1
1667213797295 0.8831701874732971 2
1667213809142 0.8961048126220703 3
1667213821091 0.9055666923522949 4
1667213833079 0.904712975025177 5
1667213844986 0.913890540599823 6
1667213856927 0.9142814874649048 7
1667213868863 0.9114660024642944 8
1667213880854 0.9152882099151611 9
1667213892631 0.9140872955322266 10
1667213904478 0.915894091129303 11
1667213916305 0.9168081283569336 12
1667213928268 0.9185273051261902 13
1667213940137 0.9165928363800049 14
1667213952222 0.9169925451278687 15
1667213964143 0.9189229011535645 16
1667213976133 0.9215293526649475 17
1667213988173 0.9184441566467285 18
1667214000112 0.9205693602561951 19
1667214012166 0.9193631410598755 20
1667214012170 0.8459345698356628 21
