1667217338640 0.9375346899032593 0
1667217350270 0.9493234753608704 1
1667217362044 0.9537634253501892 2
1667217373805 0.9554858207702637 3
1667217385493 0.9592941999435425 4
1667217397234 0.9606146812438965 5
1667217408898 0.9626815915107727 6
1667217420626 0.9628729224205017 7
1667217432306 0.9624519348144531 8
1667217444003 0.9640212059020996 9
1667217455548 0.9638872146606445 10
1667217467138 0.964136004447937 11
1667217478969 0.9644613862037659 12
1667217490764 0.9654565453529358 13
1667217502525 0.9652460217475891 14
1667217514204 0.9646144509315491 15
1667217525871 0.9650737643241882 16
1667217537506 0.9668918251991272 17
1667217549157 0.9666430354118347 18
1667217560890 0.9664134383201599 19
1667217572555 0.9669684171676636 20
1667217572559 0.9375346899032593 21
