1667217338640 0.19625641405582428 0
1667217350270 0.14724378287792206 1
1667217362044 0.13469086587429047 2
1667217373805 0.1296881139278412 3
1667217385493 0.12280996143817902 4
1667217397234 0.12125711143016815 5
1667217408898 0.11755585670471191 6
1667217420626 0.11534906923770905 7
1667217432306 0.11397677659988403 8
1667217444003 0.11433853954076767 9
1667217455548 0.11221107095479965 10
1667217467138 0.1113503947854042 11
1667217478969 0.11002616584300995 12
1667217490764 0.1093512773513794 13
1667217502525 0.10909754782915115 14
1667217514204 0.10845303535461426 15
1667217525871 0.10759561508893967 16
1667217537506 0.1046387255191803 17
1667217549157 0.10630559176206589 18
1667217560890 0.10422971099615097 19
1667217572555 0.10391106456518173 20
1667217572559 0.19625641405582428 21
