1667217338640 0.8410860896110535 0
1667217350270 0.8657751083374023 1
1667217362044 0.8805529475212097 2
1667217373805 0.881813645362854 3
1667217385493 0.8962346911430359 4
1667217397234 0.8968697786331177 5
1667217408898 0.9046711325645447 6
1667217420626 0.8999348282814026 7
1667217432306 0.9047059416770935 8
1667217444003 0.9091578722000122 9
1667217455548 0.9040477871894836 10
1667217467138 0.9081160426139832 11
1667217478969 0.9125277996063232 12
1667217490764 0.9107404947280884 13
1667217502525 0.9125489592552185 14
1667217514204 0.9069716334342957 15
1667217525871 0.9111536741256714 16
1667217537506 0.913040280342102 17
1667217549157 0.9119284749031067 18
1667217560890 0.9113683104515076 19
1667217572555 0.9112555980682373 20
1667217572559 0.8410860896110535 21
