1667210466626 0.9381279349327087 0
1667210478482 0.9524620771408081 1
1667210490335 0.9572847485542297 2
1667210502096 0.9591028094291687 3
1667210513961 0.95967698097229 4
1667210525853 0.9610931277275085 5
1667210537580 0.9618012309074402 6
1667210549588 0.963313102722168 7
1667210561620 0.9631408452987671 8
1667210573622 0.9631025791168213 9
1667210585577 0.9636192917823792 10
1667210597498 0.9635044932365417 11
1667210609236 0.9652268886566162 12
1667210621129 0.9655713438987732 13
1667210632984 0.9648249745368958 14
1667210644642 0.9646144509315491 15
1667210656414 0.9661263227462769 16
1667210668291 0.9662794470787048 17
1667210680145 0.9655904769897461 18
1667210692026 0.9654756784439087 19
1667210703725 0.9664517045021057 20
1667210703729 0.9381279349327087 21
