1667210466626 0.20427359640598297 0
1667210478482 0.14698611199855804 1
1667210490335 0.12965315580368042 2
1667210502096 0.12640564143657684 3
1667210513961 0.12254411727190018 4
1667210525853 0.11973803490400314 5
1667210537580 0.11989189684391022 6
1667210549588 0.1177036389708519 7
1667210561620 0.11331548541784286 8
1667210573622 0.11439064890146255 9
1667210585577 0.11316164582967758 10
1667210597498 0.1155366525053978 11
1667210609236 0.10994864255189896 12
1667210621129 0.1120690256357193 13
1667210632984 0.10883975028991699 14
1667210644642 0.11192542314529419 15
1667210656414 0.10825231671333313 16
1667210668291 0.10841070115566254 17
1667210680145 0.10741429030895233 18
1667210692026 0.11028556525707245 19
1667210703725 0.10558398067951202 20
1667210703729 0.20427359640598297 21
