1667210466626 0.8428230285644531 0
1667210478482 0.8742783665657043 1
1667210490335 0.8863424062728882 2
1667210502096 0.889726996421814 3
1667210513961 0.8890160322189331 4
1667210525853 0.8982693552970886 5
1667210537580 0.8979074358940125 6
1667210549588 0.902019202709198 7
1667210561620 0.9024230241775513 8
1667210573622 0.8997325301170349 9
1667210585577 0.8996394872665405 10
1667210597498 0.9054449796676636 11
1667210609236 0.9068920016288757 12
1667210621129 0.9098768830299377 13
1667210632984 0.9088375568389893 14
1667210644642 0.9062591195106506 15
1667210656414 0.9100679755210876 16
1667210668291 0.9097612500190735 17
1667210680145 0.9081491231918335 18
1667210692026 0.9105058312416077 19
1667210703725 0.9124687910079956 20
1667210703729 0.8428230285644531 21
