1667222926876 0.93906569480896 0
1667222938530 0.9509884715080261 1
1667222950268 0.9536868929862976 2
1667222962023 0.955122172832489 3
1667222973719 0.956251323223114 4
1667222985540 0.9586243629455566 5
1667222997401 0.961839497089386 6
1667223009194 0.962337076663971 7
1667223021128 0.961839497089386 8
1667223033130 0.9631983041763306 9
1667223045051 0.963466227054596 10
1667223056988 0.9646910429000854 11
1667223068936 0.9648632407188416 12
1667223080754 0.9645570516586304 13
1667223092609 0.9642699956893921 14
1667223104492 0.96541827917099 15
1667223116292 0.9658201336860657 16
1667223128038 0.9659923911094666 17
1667223139799 0.9668344259262085 18
1667223151625 0.9676190614700317 19
1667223163482 0.9676573872566223 20
1667223163486 0.93906569480896 21
