1667222926876 0.19767595827579498 0
1667222938530 0.14177751541137695 1
1667222950268 0.13710367679595947 2
1667222962023 0.13577575981616974 3
1667222973719 0.1285725235939026 4
1667222985540 0.1268383115530014 5
1667222997401 0.11907027661800385 6
1667223009194 0.11700452119112015 7
1667223021128 0.11726730316877365 8
1667223033130 0.11300642043352127 9
1667223045051 0.111691914498806 10
1667223056988 0.11061634123325348 11
1667223068936 0.11269883811473846 12
1667223080754 0.11061523854732513 13
1667223092609 0.10878802835941315 14
1667223104492 0.10589278489351273 15
1667223116292 0.10565505921840668 16
1667223128038 0.1087455153465271 17
1667223139799 0.10579009354114532 18
1667223151625 0.1066572368144989 19
1667223163482 0.10427653044462204 20
1667223163486 0.19767595827579498 21
