1667222926876 0.8438442945480347 0
1667222938530 0.8718259334564209 1
1667222950268 0.8782845139503479 2
1667222962023 0.8848546147346497 3
1667222973719 0.8872964382171631 4
1667222985540 0.8928649425506592 5
1667222997401 0.8983836770057678 6
1667223009194 0.90247642993927 7
1667223021128 0.9002403020858765 8
1667223033130 0.9040315747261047 9
1667223045051 0.9026021361351013 10
1667223056988 0.9082515239715576 11
1667223068936 0.9062294960021973 12
1667223080754 0.9071893692016602 13
1667223092609 0.9056617617607117 14
1667223104492 0.9081483483314514 15
1667223116292 0.9100226759910583 16
1667223128038 0.919975996017456 17
1667223139799 0.9199253916740417 18
1667223151625 0.9188607931137085 19
1667223163482 0.9185004234313965 20
1667223163486 0.8438442945480347 21
