1667217589959 0.9380514025688171 0
1667217601826 0.9496105313301086 1
1667217613797 0.9541844725608826 2
1667217625604 0.95493084192276 3
1667217637547 0.9567680358886719 4
1667217649379 0.9573230147361755 5
1667217661223 0.958892285823822 6
1667217673071 0.9608443379402161 7
1667217684904 0.9617438316345215 8
1667217696627 0.9638106822967529 9
1667217708395 0.9650163650512695 10
1667217720295 0.9656478762626648 11
1667217732137 0.965112030506134 12
1667217743946 0.9661454558372498 13
1667217755713 0.9664517045021057 14
1667217767578 0.9673511385917664 15
1667217779528 0.9674277305603027 16
1667217791424 0.9673511385917664 17
1667217803312 0.9680783748626709 18
1667217815296 0.9691501259803772 19
1667217827131 0.9698007702827454 20
1667217827135 0.9380514025688171 21
