1667217589959 0.2018260359764099 0
1667217601826 0.1479296088218689 1
1667217613797 0.1372625231742859 2
1667217625604 0.13324052095413208 3
1667217637547 0.1282903254032135 4
1667217649379 0.12663352489471436 5
1667217661223 0.12236406654119492 6
1667217673071 0.11695507913827896 7
1667217684904 0.11773030459880829 8
1667217696627 0.11424458026885986 9
1667217708395 0.11280392855405807 10
1667217720295 0.11174085736274719 11
1667217732137 0.11020321398973465 12
1667217743946 0.10739614814519882 13
1667217755713 0.11020327359437943 14
1667217767578 0.10721395164728165 15
1667217779528 0.10682037472724915 16
1667217791424 0.10588778555393219 17
1667217803312 0.10571719706058502 18
1667217815296 0.10428221523761749 19
1667217827131 0.10382775962352753 20
1667217827135 0.2018260359764099 21
