1667217589959 0.8416258096694946 0
1667217601826 0.8655040860176086 1
1667217613797 0.8794326186180115 2
1667217625604 0.8861127495765686 3
1667217637547 0.887236475944519 4
1667217649379 0.890113890171051 5
1667217661223 0.893487274646759 6
1667217673071 0.8953530192375183 7
1667217684904 0.8986359238624573 8
1667217696627 0.9092652797698975 9
1667217708395 0.9105894565582275 10
1667217720295 0.9118339419364929 11
1667217732137 0.9100190997123718 12
1667217743946 0.9164686799049377 13
1667217755713 0.9136229753494263 14
1667217767578 0.9167343974113464 15
1667217779528 0.9183658361434937 16
1667217791424 0.9180935621261597 17
1667217803312 0.9208745360374451 18
1667217815296 0.9239025115966797 19
1667217827131 0.9261860251426697 20
1667217827135 0.8416258096694946 21
