1667210212557 0.9376494884490967 0
1667210224366 0.9515625834465027 1
1667210236241 0.9538208246231079 2
1667210248005 0.9579163193702698 3
1667210259761 0.9599066376686096 4
1667210271678 0.9608252048492432 5
1667210283496 0.961495041847229 6
1667210295335 0.9631600379943848 7
1667210307250 0.9638298153877258 8
1667210319105 0.9658010005950928 9
1667210330937 0.9661837816238403 10
1667210342911 0.9650928974151611 11
1667210354854 0.9661263227462769 12
1667210366778 0.9671214818954468 13
1667210378640 0.9675999283790588 14
1667210390495 0.9670066833496094 15
1667210402257 0.967561662197113 16
1667210414066 0.9676381945610046 17
1667210425939 0.9675042629241943 18
1667210437643 0.9679061770439148 19
1667210449448 0.9688247442245483 20
1667210449452 0.9376494884490967 21
