1667210212557 0.20323780179023743 0
1667210224366 0.14213505387306213 1
1667210236241 0.13725191354751587 2
1667210248005 0.128839373588562 3
1667210259761 0.12364102154970169 4
1667210271678 0.12059121578931808 5
1667210283496 0.12011508643627167 6
1667210295335 0.11795224249362946 7
1667210307250 0.11792906373739243 8
1667210319105 0.1109628826379776 9
1667210330937 0.10902034491300583 10
1667210342911 0.11073195189237595 11
1667210354854 0.10839755088090897 12
1667210366778 0.10913179069757462 13
1667210378640 0.10761776566505432 14
1667210390495 0.10744445025920868 15
1667210402257 0.10452334582805634 16
1667210414066 0.10668810456991196 17
1667210425939 0.1055263802409172 18
1667210437643 0.10312841087579727 19
1667210449448 0.10330826044082642 20
1667210449452 0.20323780179023743 21
