1667210212557 0.8409138917922974 0
1667210224366 0.8697312474250793 1
1667210236241 0.878183126449585 2
1667210248005 0.8887847661972046 3
1667210259761 0.8903942704200745 4
1667210271678 0.8978182077407837 5
1667210283496 0.8992360830307007 6
1667210295335 0.9059151411056519 7
1667210307250 0.9070501327514648 8
1667210319105 0.9137116074562073 9
1667210330937 0.9145728349685669 10
1667210342911 0.9139657616615295 11
1667210354854 0.9140030741691589 12
1667210366778 0.9186418056488037 13
1667210378640 0.9192901849746704 14
1667210390495 0.9179220795631409 15
1667210402257 0.9199018478393555 16
1667210414066 0.91923987865448 17
1667210425939 0.9188246726989746 18
1667210437643 0.9177747964859009 19
1667210449448 0.9246934056282043 20
1667210449452 0.8409138917922974 21
