1667222166833 0.9372285008430481 0
1667222178637 0.9529405236244202 1
1667222190579 0.9566340446472168 2
1667222202545 0.958222508430481 3
1667222214413 0.9585669636726379 4
1667222226184 0.9612079858779907 5
1667222237969 0.9625093340873718 6
1667222249907 0.9646527767181396 7
1667222261653 0.9654374122619629 8
1667222273718 0.9649972319602966 9
1667222285512 0.9683271646499634 10
1667222297291 0.9685185551643372 11
1667222309090 0.9673128724098206 12
1667222320985 0.9682506322860718 13
1667222332849 0.969877302646637 14
1667222344645 0.9695137143135071 15
1667222356413 0.9699730277061462 16
1667222368411 0.9701452255249023 17
1667222380218 0.969877302646637 18
1667222391996 0.9700686931610107 19
1667222403838 0.9705854058265686 20
1667222403842 0.9372285008430481 21
