1667222166833 0.20009803771972656 0
1667222178637 0.14653360843658447 1
1667222190579 0.13232050836086273 2
1667222202545 0.12935559451580048 3
1667222214413 0.12660858035087585 4
1667222226184 0.12460915744304657 5
1667222237969 0.11896898597478867 6
1667222249907 0.11519232392311096 7
1667222261653 0.11453195661306381 8
1667222273718 0.11510453373193741 9
1667222285512 0.11000576615333557 10
1667222297291 0.10664503276348114 11
1667222309090 0.11119673401117325 12
1667222320985 0.10800660401582718 13
1667222332849 0.10296333581209183 14
1667222344645 0.1051357090473175 15
1667222356413 0.10497386008501053 16
1667222368411 0.10706228762865067 17
1667222380218 0.10440398752689362 18
1667222391996 0.10308120399713516 19
1667222403838 0.10222902148962021 20
1667222403842 0.20009803771972656 21
