1667222166833 0.842833936214447 0
1667222178637 0.8765918016433716 1
1667222190579 0.8858417868614197 2
1667222202545 0.8893052935600281 3
1667222214413 0.8919310569763184 4
1667222226184 0.8997082710266113 5
1667222237969 0.9017779231071472 6
1667222249907 0.907939076423645 7
1667222261653 0.913040280342102 8
1667222273718 0.9162811636924744 9
1667222285512 0.9231516122817993 10
1667222297291 0.9227672815322876 11
1667222309090 0.923036515712738 12
1667222320985 0.9217423796653748 13
1667222332849 0.9258264303207397 14
1667222344645 0.92476886510849 15
1667222356413 0.9247767925262451 16
1667222368411 0.9249535202980042 17
1667222380218 0.9248752593994141 18
1667222391996 0.9241737723350525 19
1667222403838 0.9255872964859009 20
1667222403842 0.842833936214447 21
