1667223180782 0.9368265867233276 0
1667223192693 0.9530170559883118 1
1667223204706 0.9564809799194336 2
1667223216668 0.9579163193702698 3
1667223228690 0.95967698097229 4
1667223240633 0.9614567756652832 5
1667223252521 0.9619352221488953 6
1667223264539 0.9627581238746643 7
1667223276475 0.9632939696311951 8
1667223288498 0.9648058414459229 9
1667223300454 0.9646910429000854 10
1667223312277 0.9655904769897461 11
1667223324224 0.9667961597442627 12
1667223336130 0.9673511385917664 13
1667223348100 0.9678487181663513 14
1667223360180 0.9691692590713501 15
1667223372124 0.969685971736908 16
1667223384034 0.9692266583442688 17
1667223396032 0.9692649245262146 18
1667223407961 0.970011293888092 19
1667223419842 0.9694180488586426 20
1667223419846 0.9368265867233276 21
