1667223180782 0.2000623345375061 0
1667223192693 0.14172565937042236 1
1667223204706 0.1328415870666504 2
1667223216668 0.12861980497837067 3
1667223228690 0.12509264051914215 4
1667223240633 0.12299440801143646 5
1667223252521 0.12069452553987503 6
1667223264539 0.1199536919593811 7
1667223276475 0.11923421174287796 8
1667223288498 0.11612610518932343 9
1667223300454 0.11640965193510056 10
1667223312277 0.11295004189014435 11
1667223324224 0.10831910371780396 12
1667223336130 0.10998601466417313 13
1667223348100 0.10883388668298721 14
1667223360180 0.104718416929245 15
1667223372124 0.1063205897808075 16
1667223384034 0.10369917750358582 17
1667223396032 0.10464408248662949 18
1667223407961 0.10274740308523178 19
1667223419842 0.10467022657394409 20
1667223419846 0.2000623345375061 21
