1667223180782 0.8393833041191101 0
1667223192693 0.8774369359016418 1
1667223204706 0.8856093883514404 2
1667223216668 0.8950490951538086 3
1667223228690 0.8976026773452759 4
1667223240633 0.8991633057594299 5
1667223252521 0.9010940790176392 6
1667223264539 0.9031621813774109 7
1667223276475 0.9046574831008911 8
1667223288498 0.9102752804756165 9
1667223300454 0.9101752042770386 10
1667223312277 0.9138249754905701 11
1667223324224 0.9170496463775635 12
1667223336130 0.9193368554115295 13
1667223348100 0.9181892275810242 14
1667223360180 0.9232142567634583 15
1667223372124 0.9233053922653198 16
1667223384034 0.924241304397583 17
1667223396032 0.9216122031211853 18
1667223407961 0.9229003190994263 19
1667223419842 0.9215337634086609 20
1667223419846 0.8393833041191101 21
