1667223690386 0.9351041913032532 0
1667223702266 0.9520410299301147 1
1667223714078 0.9548925161361694 2
1667223725912 0.958222508430481 3
1667223737740 0.9601554274559021 4
1667223749509 0.960519015789032 5
1667223761174 0.9612653851509094 6
1667223772859 0.9621648788452148 7
1667223784673 0.9627389907836914 8
1667223796502 0.9638489484786987 9
1667223808177 0.9633896350860596 10
1667223820034 0.9644231200218201 11
1667223831802 0.9640020728111267 12
1667223843818 0.963944673538208 13
1667223855809 0.9643847942352295 14
1667223867736 0.9643465280532837 15
1667223879569 0.9642508625984192 16
1667223891342 0.9664134383201599 17
1667223903065 0.9664708375930786 18
1667223914809 0.966088056564331 19
1667223926659 0.9662603139877319 20
1667223926664 0.9351041913032532 21
