1667223690386 0.20001374185085297 0
1667223702266 0.14542673528194427 1
1667223714078 0.1386020928621292 2
1667223725912 0.12805688381195068 3
1667223737740 0.12435684353113174 4
1667223749509 0.12272776663303375 5
1667223761174 0.11810608208179474 6
1667223772859 0.11679994314908981 7
1667223784673 0.11565082520246506 8
1667223796502 0.1146959587931633 9
1667223808177 0.1145736575126648 10
1667223820034 0.11440088599920273 11
1667223831802 0.11060883849859238 12
1667223843818 0.1099695935845375 13
1667223855809 0.11061817407608032 14
1667223867736 0.10962492227554321 15
1667223879569 0.10855182260274887 16
1667223891342 0.10593990981578827 17
1667223903065 0.10689008235931396 18
1667223914809 0.10810495167970657 19
1667223926659 0.11023823171854019 20
1667223926664 0.20001374185085297 21
