1667223690386 0.8293520212173462 0
1667223702266 0.8723267912864685 1
1667223714078 0.8803492188453674 2
1667223725912 0.8858020305633545 3
1667223737740 0.8924073576927185 4
1667223749509 0.8960266709327698 5
1667223761174 0.8985096216201782 6
1667223772859 0.9004801511764526 7
1667223784673 0.900115966796875 8
1667223796502 0.904859185218811 9
1667223808177 0.9029839634895325 10
1667223820034 0.90625 11
1667223831802 0.9052693247795105 12
1667223843818 0.9072701930999756 13
1667223855809 0.9054664969444275 14
1667223867736 0.9056892991065979 15
1667223879569 0.9047688245773315 16
1667223891342 0.9113080501556396 17
1667223903065 0.9139341115951538 18
1667223914809 0.9118618965148926 19
1667223926659 0.9099342823028564 20
1667223926664 0.8293520212173462 21
