1667210975774 0.9361567497253418 0
1667210987673 0.9530361890792847 1
1667210999655 0.9577057957649231 2
1667211011625 0.9580502510070801 3
1667211023555 0.9591602683067322 4
1667211035242 0.9613993167877197 5
1667211047106 0.9615333080291748 6
1667211058979 0.9624519348144531 7
1667211070925 0.9627963900566101 8
1667211082857 0.9629112482070923 9
1667211094786 0.9650546312332153 10
1667211106873 0.9654374122619629 11
1667211118706 0.9648058414459229 12
1667211130480 0.9648632407188416 13
1667211142440 0.9645570516586304 14
1667211154184 0.9652268886566162 15
1667211165924 0.9662220478057861 16
1667211177836 0.9664134383201599 17
1667211189769 0.9662220478057861 18
1667211201738 0.9664517045021057 19
1667211213723 0.9653990864753723 20
1667211213727 0.9361567497253418 21
