1667210975774 0.20011788606643677 0
1667210987673 0.1363140195608139 1
1667210999655 0.12794433534145355 2
1667211011625 0.12572894990444183 3
1667211023555 0.12113926559686661 4
1667211035242 0.11835896223783493 5
1667211047106 0.11703208088874817 6
1667211058979 0.11623469740152359 7
1667211070925 0.11341048777103424 8
1667211082857 0.11280785501003265 9
1667211094786 0.11087392270565033 10
1667211106873 0.11123373359441757 11
1667211118706 0.10909752547740936 12
1667211130480 0.10947898775339127 13
1667211142440 0.10784325748682022 14
1667211154184 0.10783210396766663 15
1667211165924 0.1060384064912796 16
1667211177836 0.10641098767518997 17
1667211189769 0.10671953111886978 18
1667211201738 0.10318338871002197 19
1667211213723 0.10570332407951355 20
1667211213727 0.20011788606643677 21
