1667210975774 0.8345698118209839 0
1667210987673 0.874706506729126 1
1667210999655 0.8859127759933472 2
1667211011625 0.8876678943634033 3
1667211023555 0.8886342644691467 4
1667211035242 0.8956860303878784 5
1667211047106 0.9005327224731445 6
1667211058979 0.8979856967926025 7
1667211070925 0.903529942035675 8
1667211082857 0.9028071165084839 9
1667211094786 0.9086781144142151 10
1667211106873 0.9057260751724243 11
1667211118706 0.9053817987442017 12
1667211130480 0.9067036509513855 13
1667211142440 0.9069512486457825 14
1667211154184 0.9142560362815857 15
1667211165924 0.9122098088264465 16
1667211177836 0.9150776267051697 17
1667211189769 0.9111225008964539 18
1667211201738 0.9135012030601501 19
1667211213723 0.9088581800460815 20
1667211213727 0.8345698118209839 21
