1667216322056 0.9373815655708313 0
1667216333957 0.9507779479026794 1
1667216345772 0.9526342749595642 2
1667216357629 0.9553900957107544 3
1667216369443 0.9576292037963867 4
1667216381448 0.9606529474258423 5
1667216393392 0.9613036513328552 6
1667216405083 0.963466227054596 7
1667216417043 0.9625667333602905 8
1667216428748 0.9649015665054321 9
1667216440453 0.9635044932365417 10
1667216452265 0.9645187854766846 11
1667216464084 0.9648632407188416 12
1667216475937 0.9649972319602966 13
1667216487791 0.9649972319602966 14
1667216499704 0.967217206954956 15
1667216511595 0.9666430354118347 16
1667216523442 0.9674085974693298 17
1667216535272 0.9662985801696777 18
1667216546869 0.9671214818954468 19
1667216558684 0.966088056564331 20
1667216558688 0.9373815655708313 21
