1667216322056 0.19905585050582886 0
1667216333957 0.14304079115390778 1
1667216345772 0.13867396116256714 2
1667216357629 0.13140223920345306 3
1667216369443 0.13082218170166016 4
1667216381448 0.12137699127197266 5
1667216393392 0.1198609247803688 6
1667216405083 0.11525566130876541 7
1667216417043 0.11584510654211044 8
1667216428748 0.11188209056854248 9
1667216440453 0.11317434906959534 10
1667216452265 0.11151259392499924 11
1667216464084 0.10830818116664886 12
1667216475937 0.10825669020414352 13
1667216487791 0.10694696754217148 14
1667216499704 0.10435152053833008 15
1667216511595 0.1041487529873848 16
1667216523442 0.1039370745420456 17
1667216535272 0.10595044493675232 18
1667216546869 0.10253860801458359 19
1667216558684 0.10321132093667984 20
1667216558688 0.19905585050582886 21
