1667216322056 0.8376311659812927 0
1667216333957 0.8723099827766418 1
1667216345772 0.8763964772224426 2
1667216357629 0.8835853338241577 3
1667216369443 0.889507532119751 4
1667216381448 0.8978091478347778 5
1667216393392 0.9002701044082642 6
1667216405083 0.9046018719673157 7
1667216417043 0.9032093286514282 8
1667216428748 0.9061840176582336 9
1667216440453 0.9038489460945129 10
1667216452265 0.9058694839477539 11
1667216464084 0.906525731086731 12
1667216475937 0.9062181711196899 13
1667216487791 0.9063364863395691 14
1667216499704 0.9115800261497498 15
1667216511595 0.913260817527771 16
1667216523442 0.9141829609870911 17
1667216535272 0.9091107845306396 18
1667216546869 0.9099308848381042 19
1667216558684 0.9086205363273621 20
1667216558688 0.8376311659812927 21
