1667221658168 0.9363481402397156 0
1667221670055 0.9495722651481628 1
1667221681978 0.9535911679267883 2
1667221693836 0.9568828344345093 3
1667221705709 0.9584904313087463 4
1667221717601 0.9603467583656311 5
1667221729552 0.9606146812438965 6
1667221741414 0.9616672992706299 7
1667221753176 0.9630260467529297 8
1667221765096 0.9637532830238342 9
1667221776935 0.9658010005950928 10
1667221788806 0.9668918251991272 11
1667221800612 0.9682506322860718 12
1667221812325 0.9681357741355896 13
1667221824327 0.9677339196205139 14
1667221836148 0.9681357741355896 15
1667221847950 0.9682888984680176 16
1667221859728 0.9685376882553101 17
1667221871440 0.9692075252532959 18
1667221883198 0.9702409505844116 19
1667221894902 0.9705662727355957 20
1667221894907 0.9363481402397156 21
