1667221658168 0.19740857183933258 0
1667221670055 0.15009979903697968 1
1667221681978 0.13736137747764587 2
1667221693836 0.13291971385478973 3
1667221705709 0.12799271941184998 4
1667221717601 0.12222298234701157 5
1667221729552 0.11933834850788116 6
1667221741414 0.1204071119427681 7
1667221753176 0.11670169234275818 8
1667221765096 0.11451580375432968 9
1667221776935 0.11251755058765411 10
1667221788806 0.10871423780918121 11
1667221800612 0.10765068233013153 12
1667221812325 0.10889143496751785 13
1667221824327 0.10840605944395065 14
1667221836148 0.10487871617078781 15
1667221847950 0.10619612038135529 16
1667221859728 0.10782256722450256 17
1667221871440 0.10552729666233063 18
1667221883198 0.10450974851846695 19
1667221894902 0.1013869121670723 20
1667221894907 0.19740857183933258 21
