1667221658168 0.8308334946632385 0
1667221670055 0.8670401573181152 1
1667221681978 0.8761931657791138 2
1667221693836 0.8850623965263367 3
1667221705709 0.8932673931121826 4
1667221717601 0.8930500745773315 5
1667221729552 0.8952621817588806 6
1667221741414 0.9013446569442749 7
1667221753176 0.9054499864578247 8
1667221765096 0.906605064868927 9
1667221776935 0.9127358198165894 10
1667221788806 0.9164631962776184 11
1667221800612 0.9218680262565613 12
1667221812325 0.919893205165863 13
1667221824327 0.9185865521430969 14
1667221836148 0.919706404209137 15
1667221847950 0.9210643768310547 16
1667221859728 0.9213283061981201 17
1667221871440 0.922534167766571 18
1667221883198 0.9245395064353943 19
1667221894902 0.9221296310424805 20
1667221894907 0.8308334946632385 21
