1667217086085 0.941017746925354 0
1667217097832 0.9539739489555359 1
1667217109512 0.9574761390686035 2
1667217121483 0.9589306116104126 3
1667217133224 0.9621265530586243 4
1667217144987 0.9638872146606445 5
1667217156677 0.9640786051750183 6
1667217168373 0.9651886224746704 7
1667217180143 0.9657053351402283 8
1667217191954 0.9666047692298889 9
1667217203773 0.9665665030479431 10
1667217215658 0.9668918251991272 11
1667217227386 0.967083215713501 12
1667217239125 0.9665473699569702 13
1667217250918 0.9679253101348877 14
1667217262482 0.9685759544372559 15
1667217274380 0.9685185551643372 16
1667217286190 0.9687290787696838 17
1667217297956 0.9690926671028137 18
1667217309663 0.9690926671028137 19
1667217321475 0.969035267829895 20
1667217321479 0.941017746925354 21
