1667217086085 0.19518467783927917 0
1667217097832 0.14224977791309357 1
1667217109512 0.130287304520607 2
1667217121483 0.127163365483284 3
1667217133224 0.12135419994592667 4
1667217144987 0.11770562827587128 5
1667217156677 0.11546125262975693 6
1667217168373 0.11374799907207489 7
1667217180143 0.11206933856010437 8
1667217191954 0.11314599961042404 9
1667217203773 0.110857754945755 10
1667217215658 0.10942858457565308 11
1667217227386 0.10805568099021912 12
1667217239125 0.11064311116933823 13
1667217250918 0.10678862035274506 14
1667217262482 0.10591509193181992 15
1667217274380 0.10608083009719849 16
1667217286190 0.10462187230587006 17
1667217297956 0.10182978957891464 18
1667217309663 0.104153111577034 19
1667217321475 0.10514774918556213 20
1667217321479 0.19518467783927917 21
