1667217086085 0.8495799899101257 0
1667217097832 0.8799368143081665 1
1667217109512 0.8911985158920288 2
1667217121483 0.8985955119132996 3
1667217133224 0.9069801568984985 4
1667217144987 0.9078482985496521 5
1667217156677 0.9079160094261169 6
1667217168373 0.9105278849601746 7
1667217180143 0.912035346031189 8
1667217191954 0.914466917514801 9
1667217203773 0.9164196848869324 10
1667217215658 0.9180096387863159 11
1667217227386 0.9157257676124573 12
1667217239125 0.9153056144714355 13
1667217250918 0.9181515574455261 14
1667217262482 0.9198430776596069 15
1667217274380 0.9201985597610474 16
1667217286190 0.9209492206573486 17
1667217297956 0.9214349389076233 18
1667217309663 0.9210604429244995 19
1667217321475 0.9228594899177551 20
1667217321479 0.8495799899101257 21
