1667214538018 0.9370179772377014 0
1667214549970 0.9469313025474548 1
1667214561810 0.9527491331100464 2
1667214573713 0.9566915035247803 3
1667214585558 0.959542989730835 4
1667214597334 0.9602319598197937 5
1667214609121 0.9609400629997253 6
1667214620971 0.9621265530586243 7
1667214632729 0.9635044932365417 8
1667214644711 0.9642508625984192 9
1667214656609 0.9652460217475891 10
1667214668493 0.9664325714111328 11
1667214680276 0.9660306572914124 12
1667214691942 0.9663942456245422 13
1667214703632 0.9671023488044739 14
1667214715416 0.9670258164405823 15
1667214727286 0.9681932330131531 16
1667214739270 0.967561662197113 17
1667214751242 0.9669492840766907 18
1667214763110 0.9680975079536438 19
1667214774886 0.9682506322860718 20
1667214774890 0.9370179772377014 21
