1667214538018 0.1981690526008606 0
1667214549970 0.14974044263362885 1
1667214561810 0.1391543596982956 2
1667214573713 0.12904863059520721 3
1667214585558 0.1250058263540268 4
1667214597334 0.12068390846252441 5
1667214609121 0.11956453323364258 6
1667214620971 0.11522787809371948 7
1667214632729 0.11329677700996399 8
1667214644711 0.1106395497918129 9
1667214656609 0.11039784550666809 10
1667214668493 0.10774657130241394 11
1667214680276 0.1084616556763649 12
1667214691942 0.1065748780965805 13
1667214703632 0.10672390460968018 14
1667214715416 0.10506833344697952 15
1667214727286 0.10422945022583008 16
1667214739270 0.10183833539485931 17
1667214751242 0.1038871482014656 18
1667214763110 0.10344041138887405 19
1667214774886 0.10312088578939438 20
1667214774890 0.1981690526008606 21
