1667214538018 0.835594654083252 0
1667214549970 0.8564847111701965 1
1667214561810 0.8739334344863892 2
1667214573713 0.8853118419647217 3
1667214585558 0.8945496678352356 4
1667214597334 0.8975293636322021 5
1667214609121 0.8989648818969727 6
1667214620971 0.9018691778182983 7
1667214632729 0.9107964038848877 8
1667214644711 0.9129465818405151 9
1667214656609 0.9124270677566528 10
1667214668493 0.9166234135627747 11
1667214680276 0.9131171703338623 12
1667214691942 0.9179754257202148 13
1667214703632 0.9205105304718018 14
1667214715416 0.9224422574043274 15
1667214727286 0.922165036201477 16
1667214739270 0.9238739013671875 17
1667214751242 0.9231809973716736 18
1667214763110 0.9281392097473145 19
1667214774886 0.9233816862106323 20
1667214774890 0.835594654083252 21
